Track: track
Instrument: instrument
Note: 50 100 15 63
Note: 55 100 15 63
Note: 59 80 15 63
Note: 52 100 100 174
Note: 54 100 100 174
Note: 57 100 100 174
Note: 61 80 100 174
Note: 42 80 199 299
Note: 49 100 312 431
Note: 52 100 312 431
Note: 54 100 312 431
Note: 57 100 312 431
Note: 61 80 312 431
Note: 42 80 552 652
Note: 49 100 665 713
Note: 52 100 665 713
Note: 56 100 665 713
Note: 59 80 665 713
Note: 50 100 750 824
Note: 54 100 750 824
Note: 57 100 750 824
Note: 62 80 750 824
Note: 38 100 849 949
Note: 50 100 962 1062
Note: 54 100 962 1062
Note: 57 100 962 1062
Note: 62 80 962 1062
Note: 38 100 1075 1175
Note: 52 100 1188 1236
Note: 55 100 1188 1236
Note: 59 100 1188 1236
Note: 62 80 1188 1236
Note: 49 100 1273 1347
Note: 52 100 1273 1347
Note: 55 100 1273 1347
Note: 57 100 1273 1347
Note: 61 80 1273 1347
Note: 37 100 1372 1472
Note: 49 100 1485 1604
Note: 52 100 1485 1604
Note: 55 100 1485 1604
Note: 57 100 1485 1604
Note: 61 80 1485 1604
Note: 37 100 1725 1825
Note: 50 100 1838 1925
Note: 54 100 1838 1925
Note: 57 100 1838 1925
Note: 66 80 1838 1925
Note: 50 100 1944 2031
Note: 54 100 1944 2031
Note: 57 100 1944 2031
Note: 66 80 1944 2031
Note: 47 100 2050 2124
Note: 51 100 2050 2124
Note: 54 100 2050 2124
Note: 59 100 2050 2124
Note: 63 80 2050 2124
Note: 35 100 2149 2249
Note: 47 100 2262 2381
Note: 51 100 2262 2381
Note: 54 100 2262 2381
Note: 59 100 2262 2381
Note: 63 80 2262 2381
Note: 35 100 2502 2602
Note: 50 100 2615 2663
Note: 55 100 2615 2663
Note: 59 80 2615 2663
Note: 52 100 2700 2774
Note: 54 100 2700 2774
Note: 57 100 2700 2774
Note: 61 80 2700 2774
Note: 42 80 2799 2899
Note: 49 100 2912 3031
Note: 52 100 2912 3031
Note: 54 100 2912 3031
Note: 57 100 2912 3031
Note: 61 80 2912 3031
Note: 42 80 3152 3252
Note: 49 100 3265 3313
Note: 52 100 3265 3313
Note: 56 100 3265 3313
Note: 59 80 3265 3313
Note: 50 100 3350 3424
Note: 54 100 3350 3424
Note: 57 100 3350 3424
Note: 62 80 3350 3424
Note: 38 100 3449 3549
Note: 50 100 3562 3662
Note: 54 100 3562 3662
Note: 57 100 3562 3662
Note: 62 80 3562 3662
Note: 38 100 3675 3775
Note: 52 100 3788 3836
Note: 55 100 3788 3836
Note: 59 100 3788 3836
Note: 62 80 3788 3836
Note: 49 100 3873 3947
Note: 52 100 3873 3947
Note: 55 100 3873 3947
Note: 57 100 3873 3947
Note: 61 80 3873 3947
Note: 37 100 3972 4072
Note: 49 100 4085 4204
Note: 52 100 4085 4204
Note: 55 100 4085 4204
Note: 57 100 4085 4204
Note: 61 80 4085 4204
Note: 37 100 4325 4425
Note: 50 100 4438 4525
Note: 54 100 4438 4525
Note: 57 100 4438 4525
Note: 66 80 4438 4525
Note: 50 100 4544 4631
Note: 54 100 4544 4631
Note: 57 100 4544 4631
Note: 66 80 4544 4631
Note: 47 100 4650 4724
Note: 51 100 4650 4724
Note: 54 100 4650 4724
Note: 59 100 4650 4724
Note: 63 80 4650 4724
Note: 35 100 4749 4849
Note: 47 100 4862 4981
Note: 51 100 4862 4981
Note: 54 100 4862 4981
Note: 59 100 4862 4981
Note: 63 80 4862 4981
Note: 35 100 5102 5202
Note: 50 80 5215 5302
Note: 55 80 5215 5302
Note: 59 80 5215 5302
Note: 62 80 5215 5302
Note: 50 80 5321 5434
Note: 55 80 5321 5434
Note: 59 80 5321 5434
Note: 62 100 5321 5434
Note: 50 80 5441 5554
Note: 62 100 5441 5554
Note: 51 80 5561 5674
Note: 63 100 5561 5674
Note: 52 80 5681 5768
Note: 54 80 5681 5768
Note: 58 80 5681 5768
Note: 61 80 5681 5768
Note: 64 100 5681 5768
Note: 52 80 5787 5900
Note: 54 80 5787 5900
Note: 58 80 5787 5900
Note: 61 80 5787 5900
Note: 64 100 5787 5900
Note: 52 100 5907 6007
Note: 64 100 5907 6007
Note: 54 80 6020 6079
Note: 58 80 6020 6079
Note: 61 80 6020 6079
Note: 66 100 6020 6079
Note: 52 80 6140 6240
Note: 64 100 6140 6240
Note: 52 80 6253 6366
Note: 64 100 6253 6366
Note: 49 100 6373 6460
Note: 52 100 6373 6460
Note: 56 100 6373 6460
Note: 59 100 6373 6460
Note: 61 100 6373 6460
Note: 49 100 6479 6592
Note: 52 100 6479 6592
Note: 56 100 6479 6592
Note: 59 100 6479 6592
Note: 61 100 6479 6592
Note: 49 100 6719 6832
Note: 61 100 6719 6832
Note: 50 100 6839 6926
Note: 54 100 6839 6926
Note: 57 100 6839 6926
Note: 62 100 6839 6926
Note: 50 100 6945 7058
Note: 54 100 6945 7058
Note: 57 100 6945 7058
Note: 62 100 6945 7058
Note: 62 100 7065 7165
Note: 54 80 7178 7237
Note: 57 80 7178 7237
Note: 62 80 7178 7237
Note: 50 100 7298 7398
Note: 54 100 7298 7398
Note: 57 100 7298 7398
Note: 62 100 7298 7398
Note: 50 100 7411 7524
Note: 62 100 7411 7524
Note: 52 100 7531 7618
Note: 55 100 7531 7618
Note: 59 100 7531 7618
Note: 62 100 7531 7618
Note: 64 100 7531 7618
Note: 52 100 7637 7750
Note: 55 100 7637 7750
Note: 59 100 7637 7750
Note: 62 100 7637 7750
Note: 64 100 7637 7750
Note: 50 100 7877 7990
Note: 62 100 7877 7990
Note: 49 100 7997 8084
Note: 52 100 7997 8084
Note: 55 100 7997 8084
Note: 57 100 7997 8084
Note: 61 100 7997 8084
Note: 49 100 8103 8216
Note: 52 100 8103 8216
Note: 55 100 8103 8216
Note: 57 100 8103 8216
Note: 61 100 8103 8216
Note: 61 100 8223 8323
Note: 52 100 8336 8395
Note: 55 100 8336 8395
Note: 57 100 8336 8395
Note: 61 100 8336 8395
Note: 49 100 8456 8556
Note: 61 100 8456 8556
Note: 49 100 8569 8682
Note: 61 100 8569 8682
Note: 50 100 8689 8776
Note: 54 100 8689 8776
Note: 57 100 8689 8776
Note: 62 100 8689 8776
Note: 50 101 8795 8908
Note: 54 101 8795 8908
Note: 57 101 8795 8908
Note: 62 101 8795 8908
Note: 50 100 9035 9148
Note: 62 100 9035 9148
Note: 47 100 9155 9242
Note: 50 100 9155 9242
Note: 54 100 9155 9242
Note: 57 100 9155 9242
Note: 59 80 9155 9242
Note: 47 100 9261 9374
Note: 50 100 9261 9374
Note: 54 100 9261 9374
Note: 57 100 9261 9374
Note: 59 100 9261 9374
Note: 47 100 9381 9481
Note: 59 100 9381 9481
Note: 50 100 9494 9553
Note: 54 100 9494 9553
Note: 57 100 9494 9553
Note: 62 100 9494 9553
Note: 47 100 9614 9714
Note: 59 100 9614 9714
Note: 47 100 9727 9840
Note: 59 100 9727 9840
Note: 50 80 9847 9934
Note: 55 80 9847 9934
Note: 59 80 9847 9934
Note: 62 80 9847 9934
Note: 50 80 9953 10066
Note: 55 80 9953 10066
Note: 59 80 9953 10066
Note: 62 100 9953 10066
Note: 50 80 10073 10186
Note: 62 100 10073 10186
Note: 51 80 10193 10306
Note: 63 100 10193 10306
Note: 52 80 10313 10400
Note: 54 80 10313 10400
Note: 58 80 10313 10400
Note: 61 80 10313 10400
Note: 64 100 10313 10400
Note: 52 80 10419 10532
Note: 54 80 10419 10532
Note: 58 80 10419 10532
Note: 61 80 10419 10532
Note: 64 100 10419 10532
Note: 52 100 10539 10639
Note: 64 100 10539 10639
Note: 54 80 10652 10711
Note: 58 80 10652 10711
Note: 61 80 10652 10711
Note: 66 100 10652 10711
Note: 52 80 10772 10872
Note: 64 100 10772 10872
Note: 52 80 10885 10998
Note: 64 100 10885 10998
Note: 49 100 11005 11092
Note: 52 100 11005 11092
Note: 56 100 11005 11092
Note: 59 100 11005 11092
Note: 61 100 11005 11092
Note: 49 100 11111 11224
Note: 52 100 11111 11224
Note: 56 100 11111 11224
Note: 59 100 11111 11224
Note: 61 100 11111 11224
Note: 49 100 11351 11464
Note: 61 100 11351 11464
Note: 50 100 11471 11558
Note: 54 100 11471 11558
Note: 57 100 11471 11558
Note: 62 100 11471 11558
Note: 50 100 11577 11690
Note: 54 100 11577 11690
Note: 57 100 11577 11690
Note: 62 100 11577 11690
Note: 62 100 11697 11797
Note: 54 80 11810 11869
Note: 57 80 11810 11869
Note: 62 80 11810 11869
Note: 50 100 11930 12030
Note: 54 100 11930 12030
Note: 57 100 11930 12030
Note: 62 100 11930 12030
Note: 50 100 12043 12156
Note: 62 100 12043 12156
Note: 52 100 12163 12250
Note: 55 100 12163 12250
Note: 59 100 12163 12250
Note: 62 100 12163 12250
Note: 64 100 12163 12250
Note: 52 100 12269 12382
Note: 55 100 12269 12382
Note: 59 100 12269 12382
Note: 62 100 12269 12382
Note: 64 100 12269 12382
Note: 50 100 12509 12622
Note: 62 100 12509 12622
Note: 49 100 12629 12716
Note: 52 100 12629 12716
Note: 55 100 12629 12716
Note: 57 100 12629 12716
Note: 61 100 12629 12716
Note: 49 100 12735 12848
Note: 52 100 12735 12848
Note: 55 100 12735 12848
Note: 57 100 12735 12848
Note: 61 100 12735 12848
Note: 61 100 12855 12955
Note: 52 100 12968 13027
Note: 55 100 12968 13027
Note: 57 100 12968 13027
Note: 61 100 12968 13027
Note: 49 100 13088 13188
Note: 61 100 13088 13188
Note: 49 100 13201 13314
Note: 61 100 13201 13314
Note: 50 100 13321 13408
Note: 54 100 13321 13408
Note: 57 100 13321 13408
Note: 62 100 13321 13408
Note: 50 101 13427 13540
Note: 54 101 13427 13540
Note: 57 101 13427 13540
Note: 62 101 13427 13540
Note: 50 100 13667 13780
Note: 62 100 13667 13780
Note: 47 100 13787 13874
Note: 50 100 13787 13874
Note: 54 100 13787 13874
Note: 57 100 13787 13874
Note: 59 80 13787 13874
Note: 47 100 13893 14006
Note: 50 100 13893 14006
Note: 54 100 13893 14006
Note: 57 100 13893 14006
Note: 59 100 13893 14006
Note: 47 100 14013 14113
Note: 59 100 14013 14113
Note: 50 100 14126 14185
Note: 54 100 14126 14185
Note: 57 100 14126 14185
Note: 62 100 14126 14185
Note: 47 100 14246 14346
Note: 59 100 14246 14346
Note: 47 100 14359 14472
Note: 59 100 14359 14472
Note: 50 80 14479 14566
Note: 55 80 14479 14566
Note: 59 80 14479 14566
Note: 62 80 14479 14566
Note: 50 80 14585 14698
Note: 55 80 14585 14698
Note: 59 80 14585 14698
Note: 62 100 14585 14698
Note: 50 80 14705 14818
Note: 62 100 14705 14818
Note: 51 80 14825 14938
Note: 63 100 14825 14938
Note: 52 80 14945 15032
Note: 54 80 14945 15032
Note: 58 80 14945 15032
Note: 61 80 14945 15032
Note: 64 100 14945 15032
Note: 52 80 15051 15164
Note: 54 80 15051 15164
Note: 58 80 15051 15164
Note: 61 80 15051 15164
Note: 64 100 15051 15164
Note: 52 100 15171 15271
Note: 64 100 15171 15271
Note: 54 80 15284 15343
Note: 58 80 15284 15343
Note: 61 80 15284 15343
Note: 66 100 15284 15343
Note: 52 80 15404 15504
Note: 64 100 15404 15504
Note: 52 80 15517 15630
Note: 64 100 15517 15630
Note: 49 100 15637 15724
Note: 52 100 15637 15724
Note: 56 100 15637 15724
Note: 59 100 15637 15724
Note: 61 100 15637 15724
Note: 49 100 15743 15856
Note: 52 100 15743 15856
Note: 56 100 15743 15856
Note: 59 100 15743 15856
Note: 61 100 15743 15856
Note: 49 100 15983 16096
Note: 61 100 15983 16096
Note: 50 100 16103 16190
Note: 54 100 16103 16190
Note: 57 100 16103 16190
Note: 62 100 16103 16190
Note: 50 100 16209 16322
Note: 54 100 16209 16322
Note: 57 100 16209 16322
Note: 62 100 16209 16322
Note: 62 100 16329 16429
Note: 54 80 16442 16501
Note: 57 80 16442 16501
Note: 62 80 16442 16501
Note: 50 100 16562 16662
Note: 54 100 16562 16662
Note: 57 100 16562 16662
Note: 62 100 16562 16662
Note: 50 100 16675 16788
Note: 62 100 16675 16788
Note: 52 100 16795 16882
Note: 55 100 16795 16882
Note: 59 100 16795 16882
Note: 62 100 16795 16882
Note: 64 100 16795 16882
Note: 52 100 16901 17014
Note: 55 100 16901 17014
Note: 59 100 16901 17014
Note: 62 100 16901 17014
Note: 64 100 16901 17014
Note: 50 100 17141 17254
Note: 62 100 17141 17254
Note: 49 100 17261 17348
Note: 52 100 17261 17348
Note: 55 100 17261 17348
Note: 57 100 17261 17348
Note: 61 100 17261 17348
Note: 49 100 17367 17480
Note: 52 100 17367 17480
Note: 55 100 17367 17480
Note: 57 100 17367 17480
Note: 61 100 17367 17480
Note: 61 100 17487 17587
Note: 52 100 17600 17659
Note: 55 100 17600 17659
Note: 57 100 17600 17659
Note: 61 100 17600 17659
Note: 49 100 17720 17820
Note: 61 100 17720 17820
Note: 49 100 17833 17946
Note: 61 100 17833 17946
Note: 50 100 17953 18040
Note: 54 100 17953 18040
Note: 57 100 17953 18040
Note: 62 100 17953 18040
Note: 50 101 18059 18172
Note: 54 101 18059 18172
Note: 57 101 18059 18172
Note: 62 101 18059 18172
Note: 50 100 18299 18412
Note: 62 100 18299 18412
Note: 47 100 18419 18506
Note: 50 100 18419 18506
Note: 54 100 18419 18506
Note: 57 100 18419 18506
Note: 59 80 18419 18506
Note: 47 100 18525 18638
Note: 50 100 18525 18638
Note: 54 100 18525 18638
Note: 57 100 18525 18638
Note: 59 100 18525 18638
Note: 47 100 18645 18745
Note: 59 100 18645 18745
Note: 50 100 18758 18817
Note: 54 100 18758 18817
Note: 57 100 18758 18817
Note: 62 100 18758 18817
Note: 47 100 18878 18978
Note: 59 100 18878 18978
Note: 47 100 18991 19104
Note: 59 100 18991 19104
Note: 50 80 19111 19198
Note: 55 80 19111 19198
Note: 59 80 19111 19198
Note: 62 80 19111 19198
Note: 50 80 19217 19330
Note: 55 80 19217 19330
Note: 59 80 19217 19330
Note: 62 100 19217 19330
Note: 50 80 19337 19450
Note: 62 100 19337 19450
Note: 51 80 19457 19570
Note: 63 100 19457 19570
Note: 52 80 19577 19664
Note: 54 80 19577 19664
Note: 58 80 19577 19664
Note: 61 80 19577 19664
Note: 64 100 19577 19664
Note: 52 80 19683 19796
Note: 54 80 19683 19796
Note: 58 80 19683 19796
Note: 61 80 19683 19796
Note: 64 100 19683 19796
Note: 52 100 19803 19903
Note: 64 100 19803 19903
Note: 54 80 19916 19975
Note: 58 80 19916 19975
Note: 61 80 19916 19975
Note: 66 100 19916 19975
Note: 52 80 20036 20136
Note: 64 100 20036 20136
Note: 52 80 20149 20262
Note: 64 100 20149 20262
Note: 49 100 20269 20356
Note: 52 100 20269 20356
Note: 56 100 20269 20356
Note: 59 100 20269 20356
Note: 61 100 20269 20356
Note: 49 100 20375 20488
Note: 52 100 20375 20488
Note: 56 100 20375 20488
Note: 59 100 20375 20488
Note: 61 100 20375 20488
Note: 49 100 20615 20728
Note: 61 100 20615 20728
Note: 50 100 20735 20822
Note: 54 100 20735 20822
Note: 57 100 20735 20822
Note: 62 100 20735 20822
Note: 50 100 20841 20954
Note: 54 100 20841 20954
Note: 57 100 20841 20954
Note: 62 100 20841 20954
Note: 62 100 20961 21061
Note: 54 80 21074 21133
Note: 57 80 21074 21133
Note: 62 80 21074 21133
Note: 50 100 21194 21294
Note: 54 100 21194 21294
Note: 57 100 21194 21294
Note: 62 100 21194 21294
Note: 50 100 21307 21420
Note: 62 100 21307 21420
Note: 64 100 21427 21475
Note: 67 100 21427 21475
Note: 71 100 21427 21475
Note: 74 100 21427 21475
Note: 64 100 21512 21560
Note: 67 100 21512 21560
Note: 69 100 21512 21560
Note: 73 100 21512 21560
Note: 66 100 21569 21617
Note: 69 100 21569 21617
Note: 74 100 21569 21617
Note: 78 100 21569 21617
Note: 62 100 21654 21702
Note: 66 100 21654 21702
Note: 69 100 21654 21702
Note: 74 100 21654 21702
Note: 50 100 21711 21711
Note: 55 100 21711 21711
Note: 59 80 21711 21759
Note: 52 100 21796 21796
Note: 54 100 21796 21796
Note: 57 100 21796 21796
Note: 61 80 21796 21870
Note: 42 80 21895 21995
Note: 49 100 22008 22008
Note: 52 100 22008 22008
Note: 54 100 22008 22008
Note: 57 100 22008 22008
Note: 61 80 22008 22127
Note: 42 80 22248 22348
Note: 49 100 22361 22361
Note: 52 100 22361 22361
Note: 56 100 22361 22361
Note: 59 80 22361 22409
Note: 50 100 22446 22446
Note: 54 100 22446 22446
Note: 57 100 22446 22446
Note: 62 80 22446 22520
Note: 38 100 22545 22645
Note: 50 100 22658 22658
Note: 54 100 22658 22658
Note: 57 100 22658 22658
Note: 62 80 22658 22758
Note: 38 100 22771 22871
Note: 52 100 22884 22884
Note: 55 100 22884 22884
Note: 59 100 22884 22884
Note: 62 80 22884 22932
Note: 49 100 22969 22969
Note: 52 100 22969 22969
Note: 55 100 22969 22969
Note: 57 100 22969 22969
Note: 61 80 22969 23043
Note: 37 100 23068 23168
Note: 49 100 23181 23181
Note: 52 100 23181 23181
Note: 55 100 23181 23181
Note: 57 100 23181 23181
Note: 61 80 23181 23300
Note: 37 100 23421 23521
Note: 50 100 23534 23534
Note: 54 100 23534 23534
Note: 57 100 23534 23534
Note: 66 80 23534 23621
Note: 50 100 23640 23640
Note: 54 100 23640 23640
Note: 57 100 23640 23640
Note: 66 80 23640 23727
Note: 47 100 23746 23746
Note: 51 100 23746 23746
Note: 54 100 23746 23746
Note: 59 100 23746 23746
Note: 63 80 23746 23820
Note: 35 100 23845 23945
Note: 47 100 23958 23958
Note: 51 100 23958 23958
Note: 54 100 23958 23958
Note: 59 100 23958 23958
Note: 63 80 23958 24077
Note: 35 100 24198 24298
Note: 50 100 24311 24311
Note: 55 100 24311 24311
Note: 59 80 24311 24359
Note: 52 100 24396 24396
Note: 54 100 24396 24396
Note: 57 100 24396 24396
Note: 61 80 24396 24470
Note: 42 80 24495 24595
Note: 49 100 24608 24608
Note: 52 100 24608 24608
Note: 54 100 24608 24608
Note: 57 100 24608 24608
Note: 61 80 24608 24727
Note: 42 80 24848 24948
Note: 49 100 24961 24961
Note: 52 100 24961 24961
Note: 56 100 24961 24961
Note: 59 80 24961 25009
Note: 50 100 25046 25046
Note: 54 100 25046 25046
Note: 57 100 25046 25046
Note: 62 80 25046 25120
Note: 38 100 25145 25245
Note: 50 100 25258 25258
Note: 54 100 25258 25258
Note: 57 100 25258 25258
Note: 62 80 25258 25358
Note: 38 100 25371 25471
Note: 52 100 25484 25532
Note: 55 100 25484 25532
Note: 59 100 25484 25532
Note: 62 80 25484 25532
Note: 49 100 25569 25643
Note: 52 100 25569 25643
Note: 55 100 25569 25643
Note: 57 100 25569 25643
Note: 61 80 25569 25643
Note: 37 100 25668 25768
Note: 49 100 25781 25900
Note: 52 100 25781 25900
Note: 55 100 25781 25900
Note: 57 100 25781 25900
Note: 61 80 25781 25900
Note: 37 100 26021 26121
Note: 50 100 26134 26221
Note: 54 100 26134 26221
Note: 57 100 26134 26221
Note: 66 80 26134 26221
Note: 50 100 26240 26327
Note: 54 100 26240 26327
Note: 57 100 26240 26327
Note: 66 80 26240 26327
Note: 47 100 26346 26420
Note: 51 100 26346 26420
Note: 54 100 26346 26420
Note: 59 100 26346 26420
Note: 63 80 26346 26420
Note: 35 100 26445 26545
Note: 47 100 26558 26677
Note: 51 100 26558 26677
Note: 54 100 26558 26677
Note: 59 100 26558 26677
Note: 63 80 26558 26677
Note: 35 100 26798 26898
Note: 50 100 26911 26959
Note: 55 100 26911 26959
Note: 59 80 26911 26959
Note: 52 100 26996 27070
Note: 54 100 26996 27070
Note: 57 100 26996 27070
Note: 61 80 26996 27070
Note: 42 80 27095 27195
Note: 49 100 27208 27327
Note: 52 100 27208 27327
Note: 54 100 27208 27327
Note: 57 100 27208 27327
Note: 61 80 27208 27327
Note: 42 80 27448 27548
Note: 49 100 27561 27609
Note: 52 100 27561 27609
Note: 56 100 27561 27609
Note: 59 80 27561 27609
Note: 50 100 27646 27720
Note: 54 100 27646 27720
Note: 57 100 27646 27720
Note: 62 80 27646 27720
Note: 38 100 27745 27845
Note: 50 100 27858 27958
Note: 54 100 27858 27958
Note: 57 100 27858 27958
Note: 62 80 27858 27958
Note: 38 100 27971 28071
Note: 52 100 28084 28132
Note: 55 100 28084 28132
Note: 59 100 28084 28132
Note: 62 80 28084 28132
Note: 49 100 28169 28243
Note: 52 100 28169 28243
Note: 55 100 28169 28243
Note: 57 100 28169 28243
Note: 61 80 28169 28243
Note: 37 100 28268 28368
Note: 49 100 28381 28500
Note: 52 100 28381 28500
Note: 55 100 28381 28500
Note: 57 100 28381 28500
Note: 61 80 28381 28500
Note: 37 100 28621 28721
Note: 50 100 28734 28821
Note: 54 100 28734 28821
Note: 57 100 28734 28821
Note: 66 80 28734 28821
Note: 50 100 28840 28927
Note: 54 100 28840 28927
Note: 57 100 28840 28927
Note: 66 80 28840 28927
Note: 47 100 28946 29020
Note: 51 100 28946 29020
Note: 54 100 28946 29020
Note: 59 100 28946 29020
Note: 63 80 28946 29020
Note: 35 100 29045 29145
Note: 47 100 29158 29277
Note: 51 100 29158 29277
Note: 54 100 29158 29277
Note: 59 100 29158 29277
Note: 63 80 29158 29277
Note: 35 100 29398 29498
Note: 50 100 29511 29559
Note: 55 100 29511 29559
Note: 59 80 29511 29559
Note: 52 100 29596 29670
Note: 54 100 29596 29670
Note: 57 100 29596 29670
Note: 61 80 29596 29670
Note: 42 80 29695 29795
Note: 49 100 29808 29927
Note: 52 100 29808 29927
Note: 54 100 29808 29927
Note: 57 100 29808 29927
Note: 61 80 29808 29927
Note: 42 80 30048 30148
Note: 49 100 30161 30209
Note: 52 100 30161 30209
Note: 56 100 30161 30209
Note: 59 80 30161 30209
Note: 50 100 30246 30320
Note: 54 100 30246 30320
Note: 57 100 30246 30320
Note: 62 80 30246 30320
Note: 38 100 30345 30445
Note: 50 100 30458 30558
Note: 54 100 30458 30558
Note: 57 100 30458 30558
Note: 62 80 30458 30558
Note: 38 100 30571 30671
Note: 52 100 30684 30732
Note: 55 100 30684 30732
Note: 59 100 30684 30732
Note: 62 80 30684 30732
Note: 49 100 30769 30843
Note: 52 100 30769 30843
Note: 55 100 30769 30843
Note: 57 100 30769 30843
Note: 61 80 30769 30843
Note: 37 100 30868 30968
Note: 49 100 30981 31100
Note: 52 100 30981 31100
Note: 55 100 30981 31100
Note: 57 100 30981 31100
Note: 61 80 30981 31100
Note: 37 100 31221 31321
Note: 50 100 31334 31421
Note: 54 100 31334 31421
Note: 57 100 31334 31421
Note: 66 80 31334 31421
Note: 50 100 31440 31527
Note: 54 100 31440 31527
Note: 57 100 31440 31527
Note: 66 80 31440 31527
Note: 47 100 31546 31620
Note: 51 100 31546 31620
Note: 54 100 31546 31620
Note: 59 100 31546 31620
Note: 63 80 31546 31620
Note: 35 100 31645 31745
Note: 47 100 31758 31877
Note: 51 100 31758 31877
Note: 54 100 31758 31877
Note: 59 100 31758 31877
Note: 63 80 31758 31877
Note: 35 100 31998 32098
Note: 50 100 32111 32159
Note: 55 100 32111 32159
Note: 59 80 32111 32159
Note: 52 100 32196 32270
Note: 54 100 32196 32270
Note: 57 100 32196 32270
Note: 61 80 32196 32270
Note: 42 80 32295 32395
Note: 49 100 32408 32527
Note: 52 100 32408 32527
Note: 54 100 32408 32527
Note: 57 100 32408 32527
Note: 61 80 32408 32527
Note: 42 80 32648 32748
Note: 49 100 32761 32809
Note: 52 100 32761 32809
Note: 56 100 32761 32809
Note: 59 80 32761 32809
Note: 50 100 32846 32920
Note: 54 100 32846 32920
Note: 57 100 32846 32920
Note: 62 80 32846 32920
Note: 38 100 32945 33045
Note: 50 100 33058 33158
Note: 54 100 33058 33158
Note: 57 100 33058 33158
Note: 62 80 33058 33158
Note: 38 100 33171 33271
Note: 52 100 33284 33332
Note: 55 100 33284 33332
Note: 59 100 33284 33332
Note: 62 80 33284 33332
Note: 49 100 33369 33443
Note: 52 100 33369 33443
Note: 55 100 33369 33443
Note: 57 100 33369 33443
Note: 61 80 33369 33443
Note: 37 100 33468 33568
Note: 49 100 33581 33700
Note: 52 100 33581 33700
Note: 55 100 33581 33700
Note: 57 100 33581 33700
Note: 61 80 33581 33700
Note: 37 100 33821 33921
Note: 49 100 33934 33982
Note: 54 100 33934 33982
Note: 58 100 33934 33982
Note: 61 100 33934 33982
Note: 51 100 34019 34093
Note: 56 100 34019 34093
Note: 60 100 34019 34093
Note: 63 100 34019 34093
Note: 66 100 34019 34093
Note: 44 100 34118 34218
Note: 51 100 34231 34331
Note: 56 100 34231 34331
Note: 60 100 34231 34331
Note: 63 100 34231 34331
Note: 66 100 34231 34331
Note: 44 100 34344 34444
Note: 53 100 34457 34544
Note: 58 100 34457 34544
Note: 62 100 34457 34544
Note: 65 100 34457 34544
Note: 53 100 34563 34676
Note: 58 100 34563 34676
Note: 62 100 34563 34676
Note: 65 100 34563 34676
Note: 53 100 34683 34796
Note: 54 100 34803 34916
Note: 54 100 34923 35010
Note: 57 100 34923 35010
Note: 61 100 34923 35010
Note: 64 100 34923 35010
Note: 55 100 35029 35142
Note: 57 100 35029 35142
Note: 61 100 35029 35142
Note: 64 100 35029 35142
Note: 67 100 35029 35142
Note: 55 100 35149 35249
Note: 57 100 35262 35321
Note: 61 100 35262 35321
Note: 64 100 35262 35321
Note: 69 100 35262 35321
Note: 55 100 35382 35482
Note: 55 100 35495 35608
Note: 52 100 35615 35702
Note: 55 100 35615 35702
Note: 59 100 35615 35702
Note: 62 100 35615 35702
Note: 64 100 35615 35702
Note: 52 100 35721 35834
Note: 55 100 35721 35834
Note: 59 100 35721 35834
Note: 62 100 35721 35834
Note: 64 100 35721 35834
Note: 52 100 35961 36074
Note: 53 100 36081 36168
Note: 57 100 36081 36168
Note: 60 100 36081 36168
Note: 65 100 36081 36168
Note: 53 100 36187 36300
Note: 57 100 36187 36300
Note: 60 100 36187 36300
Note: 65 100 36187 36300
Note: 53 100 36307 36407
Note: 57 100 36420 36479
Note: 60 100 36420 36479
Note: 65 100 36420 36479
Note: 69 100 36420 36479
Note: 53 100 36540 36640
Note: 53 100 36653 36766
Note: 55 100 36773 36860
Note: 58 100 36773 36860
Note: 62 100 36773 36860
Note: 65 100 36773 36860
Note: 67 100 36773 36860
Note: 55 100 36879 36992
Note: 58 100 36879 36992
Note: 62 100 36879 36992
Note: 65 100 36879 36992
Note: 67 100 36879 36992
Note: 53 100 37119 37232
Note: 65 100 37119 37232
Note: 52 100 37239 37326
Note: 55 100 37239 37326
Note: 58 100 37239 37326
Note: 60 100 37239 37326
Note: 64 100 37239 37326
Note: 52 100 37345 37458
Note: 55 100 37345 37458
Note: 58 100 37345 37458
Note: 60 100 37345 37458
Note: 64 100 37345 37458
Note: 52 100 37465 37565
Note: 64 100 37465 37565
Note: 55 100 37578 37637
Note: 58 100 37578 37637
Note: 60 100 37578 37637
Note: 64 100 37578 37637
Note: 52 100 37698 37798
Note: 64 100 37698 37798
Note: 52 100 37811 37924
Note: 64 100 37811 37924
Note: 53 100 37931 38043
Note: 57 100 37931 38043
Note: 60 100 37931 38043
Note: 65 100 37931 38043
Note: 53 100 38073 38160
Note: 58 100 38073 38160
Note: 62 100 38073 38160
Note: 65 100 38073 38160
Note: 53 100 38179 38292
Note: 58 100 38179 38292
Note: 62 100 38179 38292
Note: 65 100 38179 38292
Note: 53 100 38299 38412
Note: 54 100 38419 38532
Note: 54 100 38539 38626
Note: 57 100 38539 38626
Note: 61 100 38539 38626
Note: 64 100 38539 38626
Note: 55 100 38645 38758
Note: 57 100 38645 38758
Note: 61 100 38645 38758
Note: 64 100 38645 38758
Note: 67 100 38645 38758
Note: 55 100 38765 38865
Note: 57 100 38878 38937
Note: 61 100 38878 38937
Note: 64 100 38878 38937
Note: 69 100 38878 38937
Note: 55 100 38998 39098
Note: 55 100 39111 39224
Note: 52 100 39231 39318
Note: 55 100 39231 39318
Note: 59 100 39231 39318
Note: 62 100 39231 39318
Note: 64 100 39231 39318
Note: 52 100 39337 39450
Note: 55 100 39337 39450
Note: 59 100 39337 39450
Note: 62 100 39337 39450
Note: 64 100 39337 39450
Note: 52 100 39577 39690
Note: 53 100 39697 39784
Note: 57 100 39697 39784
Note: 60 100 39697 39784
Note: 65 100 39697 39784
Note: 53 100 39803 39916
Note: 57 100 39803 39916
Note: 60 100 39803 39916
Note: 65 100 39803 39916
Note: 53 100 39923 40023
Note: 57 100 40036 40095
Note: 60 100 40036 40095
Note: 65 100 40036 40095
Note: 69 100 40036 40095
Note: 53 100 40156 40256
Note: 53 100 40269 40382
Note: 55 100 40389 40476
Note: 58 100 40389 40476
Note: 62 100 40389 40476
Note: 65 100 40389 40476
Note: 67 100 40389 40476
Note: 55 100 40495 40608
Note: 58 100 40495 40608
Note: 62 100 40495 40608
Note: 65 100 40495 40608
Note: 67 100 40495 40608
Note: 53 100 40735 40848
Note: 65 100 40735 40848
Note: 52 100 40855 40942
Note: 55 100 40855 40942
Note: 58 100 40855 40942
Note: 60 100 40855 40942
Note: 64 100 40855 40942
Note: 52 100 40961 41074
Note: 55 100 40961 41074
Note: 58 100 40961 41074
Note: 60 100 40961 41074
Note: 64 100 40961 41074
Note: 52 100 41081 41181
Note: 64 100 41081 41181
Note: 55 100 41194 41253
Note: 58 100 41194 41253
Note: 60 100 41194 41253
Note: 64 100 41194 41253
Note: 52 100 41314 41414
Note: 64 100 41314 41414
Note: 52 100 41427 41540
Note: 64 100 41427 41540
Note: 53 100 41547 41634
Note: 57 100 41547 41634
Note: 60 100 41547 41634
Note: 65 100 41547 41634
Note: 53 101 41653 41766
Note: 57 101 41653 41766
Note: 60 101 41653 41766
Note: 65 101 41653 41766
Note: 53 100 41893 42006
Note: 50 100 42013 42100
Note: 53 100 42013 42100
Note: 57 100 42013 42100
Note: 60 100 42013 42100
Note: 62 100 42013 42100
Note: 65 100 42013 42100
Note: 50 100 42119 42232
Note: 53 100 42119 42232
Note: 57 100 42119 42232
Note: 60 100 42119 42232
Note: 62 100 42119 42232
Note: 50 100 42239 42339
Note: 53 100 42352 42411
Note: 57 100 42352 42411
Note: 60 100 42352 42411
Note: 65 100 42352 42411
Note: 50 100 42472 42572
Note: 50 100 42585 42698
Note: 53 100 42705 42792
Note: 58 100 42705 42792
Note: 62 100 42705 42792
Note: 65 100 42705 42792
Note: 53 100 42811 42924
Note: 58 100 42811 42924
Note: 62 100 42811 42924
Note: 65 100 42811 42924
Note: 53 100 42931 43044
Note: 54 100 43051 43164
Note: 54 100 43171 43258
Note: 57 100 43171 43258
Note: 61 100 43171 43258
Note: 64 100 43171 43258
Note: 55 100 43277 43390
Note: 57 100 43277 43390
Note: 61 100 43277 43390
Note: 64 100 43277 43390
Note: 67 100 43277 43390
Note: 55 100 43397 43497
Note: 57 100 43510 43569
Note: 61 100 43510 43569
Note: 64 100 43510 43569
Note: 69 100 43510 43569
Note: 55 100 43630 43730
Note: 55 100 43743 43856
Note: 52 100 43863 43950
Note: 55 100 43863 43950
Note: 59 100 43863 43950
Note: 62 100 43863 43950
Note: 64 100 43863 43950
Note: 52 100 43969 44082
Note: 55 100 43969 44082
Note: 59 100 43969 44082
Note: 62 100 43969 44082
Note: 64 100 43969 44082
Note: 52 100 44209 44322
Note: 53 100 44329 44416
Note: 57 100 44329 44416
Note: 60 100 44329 44416
Note: 65 100 44329 44416
Note: 53 100 44435 44548
Note: 57 100 44435 44548
Note: 60 100 44435 44548
Note: 65 100 44435 44548
Note: 53 100 44555 44655
Note: 57 100 44668 44727
Note: 60 100 44668 44727
Note: 65 100 44668 44727
Note: 69 100 44668 44727
Note: 53 100 44788 44888
Note: 53 100 44901 45014
Note: 55 100 45021 45108
Note: 58 100 45021 45108
Note: 62 100 45021 45108
Note: 65 100 45021 45108
Note: 67 100 45021 45108
Note: 55 100 45127 45240
Note: 58 100 45127 45240
Note: 62 100 45127 45240
Note: 65 100 45127 45240
Note: 67 100 45127 45240
Note: 53 100 45367 45480
Note: 65 100 45367 45480
Note: 52 100 45487 45574
Note: 55 100 45487 45574
Note: 58 100 45487 45574
Note: 60 100 45487 45574
Note: 64 100 45487 45574
Note: 52 100 45593 45706
Note: 55 100 45593 45706
Note: 58 100 45593 45706
Note: 60 100 45593 45706
Note: 64 100 45593 45706
Note: 52 100 45713 45813
Note: 64 100 45713 45813
Note: 55 100 45826 45885
Note: 58 100 45826 45885
Note: 60 100 45826 45885
Note: 64 100 45826 45885
Note: 52 100 45946 46046
Note: 64 100 45946 46046
Note: 52 100 46059 46172
Note: 64 100 46059 46172
Note: 53 100 46179 46266
Note: 57 100 46179 46266
Note: 60 100 46179 46266
Note: 65 100 46179 46266
Note: 53 101 46285 46398
Note: 57 101 46285 46398
Note: 60 101 46285 46398
Note: 65 101 46285 46398
Note: 53 100 46525 46638
Note: 50 100 46645 46732
Note: 53 100 46645 46732
Note: 57 100 46645 46732
Note: 60 100 46645 46732
Note: 62 100 46645 46732
Note: 65 100 46645 46732
Note: 50 100 46751 46864
Note: 53 100 46751 46864
Note: 57 100 46751 46864
Note: 60 100 46751 46864
Note: 62 100 46751 46864
Note: 50 100 46871 46971
Note: 53 100 46984 47043
Note: 57 100 46984 47043
Note: 60 100 46984 47043
Note: 65 100 46984 47043
Note: 50 100 47104 47204
Note: 50 100 47217 47330
Note: 53 100 47337 47424
Note: 58 100 47337 47424
Note: 62 100 47337 47424
Note: 65 100 47337 47424
Note: 53 100 47443 47556
Note: 58 100 47443 47556
Note: 62 100 47443 47556
Note: 65 100 47443 47556
Note: 53 100 47563 47676
Note: 54 100 47683 47796
Note: 54 100 47803 47890
Note: 57 100 47803 47890
Note: 61 100 47803 47890
Note: 64 100 47803 47890
Note: 55 100 47909 48022
Note: 57 100 47909 48022
Note: 61 100 47909 48022
Note: 64 100 47909 48022
Note: 67 100 47909 48022
Note: 55 100 48029 48129
Note: 57 100 48142 48201
Note: 61 100 48142 48201
Note: 64 100 48142 48201
Note: 69 100 48142 48201
Note: 55 100 48262 48362
Note: 55 100 48375 48488
Note: 52 100 48495 48582
Note: 55 100 48495 48582
Note: 59 100 48495 48582
Note: 62 100 48495 48582
Note: 64 100 48495 48582
Note: 52 100 48601 48714
Note: 55 100 48601 48714
Note: 59 100 48601 48714
Note: 62 100 48601 48714
Note: 64 100 48601 48714
Note: 52 100 48841 48954
Note: 53 100 48961 49048
Note: 57 100 48961 49048
Note: 60 100 48961 49048
Note: 65 100 48961 49048
Note: 53 100 49067 49180
Note: 57 100 49067 49180
Note: 60 100 49067 49180
Note: 65 100 49067 49180
Note: 53 100 49187 49287
Note: 57 100 49300 49359
Note: 60 100 49300 49359
Note: 65 100 49300 49359
Note: 69 100 49300 49359
Note: 53 100 49420 49520
Note: 53 100 49533 49646
Note: 55 100 49653 49740
Note: 58 100 49653 49740
Note: 62 100 49653 49740
Note: 65 100 49653 49740
Note: 67 100 49653 49740
Note: 55 100 49759 49872
Note: 58 100 49759 49872
Note: 62 100 49759 49872
Note: 65 100 49759 49872
Note: 67 100 49759 49872
Note: 53 100 49999 50112
Note: 65 100 49999 50112
Note: 52 100 50119 50206
Note: 55 100 50119 50206
Note: 58 100 50119 50206
Note: 60 100 50119 50206
Note: 64 100 50119 50206
Note: 52 100 50225 50338
Note: 55 100 50225 50338
Note: 58 100 50225 50338
Note: 60 100 50225 50338
Note: 64 100 50225 50338
Note: 52 100 50345 50445
Note: 64 100 50345 50445
Note: 55 100 50458 50517
Note: 58 100 50458 50517
Note: 60 100 50458 50517
Note: 64 100 50458 50517
Note: 52 100 50578 50678
Note: 64 100 50578 50678
Note: 52 100 50691 50804
Note: 64 100 50691 50804
Note: 53 100 50811 50898
Note: 57 100 50811 50898
Note: 60 100 50811 50898
Note: 65 100 50811 50898
Note: 53 101 50917 51030
Note: 57 101 50917 51030
Note: 60 101 50917 51030
Note: 65 101 50917 51030
Note: 53 100 51157 51270
Note: 50 100 51277 51364
Note: 53 100 51277 51364
Note: 57 100 51277 51364
Note: 60 100 51277 51364
Note: 62 100 51277 51364
Note: 65 100 51277 51364
Note: 50 100 51383 51496
Note: 53 100 51383 51496
Note: 57 100 51383 51496
Note: 60 100 51383 51496
Note: 62 100 51383 51496
Note: 50 100 51503 51603
Note: 53 100 51616 51675
Note: 57 100 51616 51675
Note: 60 100 51616 51675
Note: 65 100 51616 51675
Note: 50 100 51736 51836
Note: 50 100 51849 51962
Note: 53 100 51969 52056
Note: 58 100 51969 52056
Note: 62 100 51969 52056
Note: 65 100 51969 52056
Note: 53 100 52075 52188
Note: 58 100 52075 52188
Note: 62 100 52075 52188
Note: 65 100 52075 52188
Note: 53 100 52195 52308
Note: 54 100 52315 52428
Note: 54 100 52435 52522
Note: 57 100 52435 52522
Note: 61 100 52435 52522
Note: 64 100 52435 52522
Note: 55 100 52541 52654
Note: 57 100 52541 52654
Note: 61 100 52541 52654
Note: 64 100 52541 52654
Note: 67 100 52541 52654
Note: 55 100 52661 52761
Note: 57 100 52774 52833
Note: 61 100 52774 52833
Note: 64 100 52774 52833
Note: 69 100 52774 52833
Note: 55 100 52894 52994
Note: 55 100 53007 53120
Note: 52 100 53127 53214
Note: 55 100 53127 53214
Note: 59 100 53127 53214
Note: 62 100 53127 53214
Note: 64 100 53127 53214
Note: 52 100 53233 53346
Note: 55 100 53233 53346
Note: 59 100 53233 53346
Note: 62 100 53233 53346
Note: 64 100 53233 53346
Note: 52 100 53473 53586
Note: 53 100 53593 53680
Note: 57 100 53593 53680
Note: 60 100 53593 53680
Note: 65 100 53593 53680
Note: 53 100 53699 53812
Note: 57 100 53699 53812
Note: 60 100 53699 53812
Note: 65 100 53699 53812
Note: 53 100 53819 53919
Note: 57 100 53932 53991
Note: 60 100 53932 53991
Note: 65 100 53932 53991
Note: 69 100 53932 53991
Note: 53 100 54052 54152
Note: 53 100 54165 54278
Note: 55 100 54285 54372
Note: 58 100 54285 54372
Note: 62 100 54285 54372
Note: 65 100 54285 54372
Note: 67 100 54285 54372
Note: 55 100 54391 54504
Note: 58 100 54391 54504
Note: 62 100 54391 54504
Note: 65 100 54391 54504
Note: 67 100 54391 54504
Note: 53 100 54631 54744
Note: 65 100 54631 54744
Note: 52 100 54751 54838
Note: 55 100 54751 54838
Note: 58 100 54751 54838
Note: 60 100 54751 54838
Note: 64 100 54751 54838
Note: 52 100 54857 54970
Note: 55 100 54857 54970
Note: 58 100 54857 54970
Note: 60 100 54857 54970
Note: 64 100 54857 54970
Note: 52 100 54977 55077
Note: 64 100 54977 55077
Note: 55 100 55090 55149
Note: 58 100 55090 55149
Note: 60 100 55090 55149
Note: 64 100 55090 55149
Note: 52 100 55210 55310
Note: 64 100 55210 55310
Note: 52 100 55323 55436
Note: 64 100 55323 55436
Note: 53 100 55443 55530
Note: 57 100 55443 55530
Note: 60 100 55443 55530
Note: 65 100 55443 55530
Note: 53 101 55549 55662
Note: 57 101 55549 55662
Note: 60 101 55549 55662
Note: 65 101 55549 55662
Note: 53 100 55789 55902
Note: 50 100 55909 55996
Note: 53 100 55909 55996
Note: 57 100 55909 55996
Note: 60 100 55909 55996
Note: 62 100 55909 55996
Note: 65 100 55909 55996
Note: 50 100 56015 56128
Note: 53 100 56015 56128
Note: 57 100 56015 56128
Note: 60 100 56015 56128
Note: 62 100 56015 56128
Note: 50 100 56135 56235
Note: 53 100 56248 56307
Note: 57 100 56248 56307
Note: 60 100 56248 56307
Note: 65 100 56248 56307
Note: 50 100 56368 56468
Note: 50 100 56481 56594
Note: 50 80 56601 56688
Note: 55 80 56601 56688
Note: 59 80 56601 56688
Note: 62 80 56601 56688
Note: 50 80 56707 56820
Note: 55 80 56707 56820
Note: 59 80 56707 56820
Note: 62 100 56707 56820
Note: 50 80 56827 56940
Note: 62 100 56827 56940
Note: 51 80 56947 57060
Note: 63 100 56947 57060
Note: 52 80 57067 57154
Note: 54 80 57067 57154
Note: 58 80 57067 57154
Note: 61 80 57067 57154
Note: 64 100 57067 57154
Note: 52 80 57173 57286
Note: 54 80 57173 57286
Note: 58 80 57173 57286
Note: 61 80 57173 57286
Note: 64 100 57173 57286
Note: 52 100 57293 57393
Note: 64 100 57293 57393
Note: 54 80 57406 57465
Note: 58 80 57406 57465
Note: 61 80 57406 57465
Note: 66 100 57406 57465
Note: 52 80 57526 57626
Note: 64 100 57526 57626
Note: 52 80 57639 57752
Note: 64 100 57639 57752
Note: 49 100 57759 57846
Note: 52 100 57759 57846
Note: 56 100 57759 57846
Note: 59 100 57759 57846
Note: 61 100 57759 57846
Note: 49 100 57865 57978
Note: 52 100 57865 57978
Note: 56 100 57865 57978
Note: 59 100 57865 57978
Note: 61 100 57865 57978
Note: 49 100 58105 58218
Note: 61 100 58105 58218
Note: 50 100 58225 58312
Note: 54 100 58225 58312
Note: 57 100 58225 58312
Note: 62 100 58225 58312
Note: 50 100 58331 58444
Note: 54 100 58331 58444
Note: 57 100 58331 58444
Note: 62 100 58331 58444
Note: 62 100 58451 58551
Note: 54 80 58564 58623
Note: 57 80 58564 58623
Note: 62 80 58564 58623
Note: 50 100 58684 58784
Note: 54 100 58684 58784
Note: 57 100 58684 58784
Note: 62 100 58684 58784
Note: 50 100 58797 58910
Note: 62 100 58797 58910
Note: 52 100 58917 59004
Note: 55 100 58917 59004
Note: 59 100 58917 59004
Note: 62 100 58917 59004
Note: 64 100 58917 59004
Note: 52 100 59023 59136
Note: 55 100 59023 59136
Note: 59 100 59023 59136
Note: 62 100 59023 59136
Note: 64 100 59023 59136
Note: 50 100 59263 59376
Note: 62 100 59263 59376
Note: 49 100 59383 59470
Note: 52 100 59383 59470
Note: 55 100 59383 59470
Note: 57 100 59383 59470
Note: 61 100 59383 59470
Note: 49 100 59489 59602
Note: 52 100 59489 59602
Note: 55 100 59489 59602
Note: 57 100 59489 59602
Note: 61 100 59489 59602
Note: 61 100 59609 59709
Note: 52 100 59722 59781
Note: 55 100 59722 59781
Note: 57 100 59722 59781
Note: 61 100 59722 59781
Note: 49 100 59842 59942
Note: 61 100 59842 59942
Note: 49 100 59955 60068
Note: 61 100 59955 60068
Note: 50 100 60075 60162
Note: 54 100 60075 60162
Note: 57 100 60075 60162
Note: 62 100 60075 60162
Note: 50 101 60181 60294
Note: 54 101 60181 60294
Note: 57 101 60181 60294
Note: 62 101 60181 60294
Note: 50 100 60421 60534
Note: 62 100 60421 60534
Note: 47 100 60541 60628
Note: 50 100 60541 60628
Note: 54 100 60541 60628
Note: 57 100 60541 60628
Note: 59 80 60541 60628
Note: 47 100 60647 60760
Note: 50 100 60647 60760
Note: 54 100 60647 60760
Note: 57 100 60647 60760
Note: 59 100 60647 60760
Note: 47 100 60767 60867
Note: 59 100 60767 60867
Note: 50 100 60880 60939
Note: 54 100 60880 60939
Note: 57 100 60880 60939
Note: 62 100 60880 60939
Note: 47 100 61000 61100
Note: 59 100 61000 61100
Note: 47 100 61113 61226
Note: 59 100 61113 61226
Note: 50 80 61233 61320
Note: 55 80 61233 61320
Note: 59 80 61233 61320
Note: 62 80 61233 61320
Note: 50 80 61339 61452
Note: 55 80 61339 61452
Note: 59 80 61339 61452
Note: 62 100 61339 61452
Note: 50 80 61459 61572
Note: 62 100 61459 61572
Note: 51 80 61579 61692
Note: 63 100 61579 61692
Note: 52 80 61699 61786
Note: 54 80 61699 61786
Note: 58 80 61699 61786
Note: 61 80 61699 61786
Note: 64 100 61699 61786
Note: 52 80 61805 61918
Note: 54 80 61805 61918
Note: 58 80 61805 61918
Note: 61 80 61805 61918
Note: 64 100 61805 61918
Note: 52 100 61925 62025
Note: 64 100 61925 62025
Note: 54 80 62038 62097
Note: 58 80 62038 62097
Note: 61 80 62038 62097
Note: 66 100 62038 62097
Note: 52 80 62158 62258
Note: 64 100 62158 62258
Note: 52 80 62271 62384
Note: 64 100 62271 62384
Note: 49 100 62391 62478
Note: 52 100 62391 62478
Note: 56 100 62391 62478
Note: 59 100 62391 62478
Note: 61 100 62391 62478
Note: 49 100 62497 62610
Note: 52 100 62497 62610
Note: 56 100 62497 62610
Note: 59 100 62497 62610
Note: 61 100 62497 62610
Note: 49 100 62737 62850
Note: 61 100 62737 62850
Note: 50 100 62857 62944
Note: 54 100 62857 62944
Note: 57 100 62857 62944
Note: 62 100 62857 62944
Note: 50 100 62963 63076
Note: 54 100 62963 63076
Note: 57 100 62963 63076
Note: 62 100 62963 63076
Note: 62 100 63083 63183
Note: 54 80 63196 63255
Note: 57 80 63196 63255
Note: 62 80 63196 63255
Note: 50 100 63316 63416
Note: 54 100 63316 63416
Note: 57 100 63316 63416
Note: 62 100 63316 63416
Note: 50 100 63429 63542
Note: 62 100 63429 63542
Note: 52 100 63549 63636
Note: 55 100 63549 63636
Note: 59 100 63549 63636
Note: 62 100 63549 63636
Note: 64 100 63549 63636
Note: 52 100 63655 63768
Note: 55 100 63655 63768
Note: 59 100 63655 63768
Note: 62 100 63655 63768
Note: 64 100 63655 63768
Note: 50 100 63895 64008
Note: 62 100 63895 64008
Note: 49 100 64015 64102
Note: 52 100 64015 64102
Note: 55 100 64015 64102
Note: 57 100 64015 64102
Note: 61 100 64015 64102
Note: 49 100 64121 64234
Note: 52 100 64121 64234
Note: 55 100 64121 64234
Note: 57 100 64121 64234
Note: 61 100 64121 64234
Note: 61 100 64241 64341
Note: 52 100 64354 64413
Note: 55 100 64354 64413
Note: 57 100 64354 64413
Note: 61 100 64354 64413
Note: 49 100 64474 64574
Note: 61 100 64474 64574
Note: 49 100 64587 64700
Note: 61 100 64587 64700
Note: 66 100 64707 64819
Note: 69 100 64707 64819
Note: 74 100 64707 64819
Note: 78 100 64707 64819
Track: track
Instrument: instrument
Note: 50 100 106 154
Note: 54 100 106 154
Note: 57 100 106 154
Note: 62 100 106 154
Note: 47 100 191 239
Note: 50 100 191 239
Note: 54 100 191 239
Note: 57 100 191 239
Note: 59 100 191 239
Note: 50 100 248 296
Note: 55 100 248 296
Note: 52 100 333 407
Note: 54 100 333 407
Note: 57 100 333 407
Note: 49 100 418 530
Note: 52 100 418 530
Note: 54 100 418 530
Note: 57 100 418 530
Note: 49 100 644 692
Note: 52 100 644 692
Note: 56 100 644 692
Note: 50 100 729 803
Note: 54 100 729 803
Note: 57 100 729 803
Note: 50 100 814 888
Note: 54 100 814 888
Note: 57 100 814 888
Note: 52 100 913 961
Note: 55 100 913 961
Note: 59 100 913 961
Note: 49 100 998 1072
Note: 52 100 998 1072
Note: 55 100 998 1072
Note: 57 100 998 1072
Note: 49 100 1083 1195
Note: 52 100 1083 1195
Note: 55 100 1083 1195
Note: 57 100 1083 1195
Note: 50 100 1309 1396
Note: 54 100 1309 1396
Note: 57 100 1309 1396
Note: 50 100 1415 1502
Note: 54 100 1415 1502
Note: 57 100 1415 1502
Note: 47 100 1521 1595
Note: 51 100 1521 1595
Note: 54 100 1521 1595
Note: 59 100 1521 1595
Note: 47 100 1606 1718
Note: 51 100 1606 1718
Note: 54 100 1606 1718
Note: 59 100 1606 1718
Note: 50 100 1832 1880
Note: 55 100 1832 1880
Note: 52 100 1917 1991
Note: 54 100 1917 1991
Note: 57 100 1917 1991
Note: 49 100 2002 2114
Note: 52 100 2002 2114
Note: 54 100 2002 2114
Note: 57 100 2002 2114
Note: 49 100 2228 2276
Note: 52 100 2228 2276
Note: 56 100 2228 2276
Note: 50 100 2313 2387
Note: 54 100 2313 2387
Note: 57 100 2313 2387
Note: 50 100 2398 2472
Note: 54 100 2398 2472
Note: 57 100 2398 2472
Note: 50 100 2731 2843
Note: 54 100 2731 2843
Note: 57 100 2731 2843
Note: 62 100 2731 2843
Track: track
Instrument: instrument
Note: 69 101 135 248
Note: 71 101 255 355
Note: 74 101 368 455
Note: 76 101 474 561
Note: 78 101 580 693
Note: 76 101 700 813
Note: 78 101 820 933
Note: 76 101 940 1040
Note: 74 101 1053 1153
Note: 80 101 1166 1253
Note: 83 101 1272 1385
Note: 80 101 1392 1505
Note: 83 101 1512 1625
Note: 78 101 1632 1732
Note: 69 101 1745 1858
Note: 71 101 1865 1978
Note: 74 101 1985 2085
Note: 69 101 2098 2211
Note: 71 101 2218 2331
Note: 74 101 2338 2438
Note: 83 100 2451 2564
Note: 81 100 2571 2671
Note: 78 100 2684 2771
Note: 76 100 2790 2877
Note: 74 100 2896 3009
Note: 76 100 3016 3129
Note: 74 100 3136 3249
Note: 76 100 3256 3356
Note: 78 100 3369 3469
Note: 78 100 3482 3569
Note: 76 100 3588 3701
Note: 76 100 3708 3821
Note: 74 100 3828 3928
Note: 74 100 3941 4054
Note: 69 101 4061 4174
Note: 71 101 4181 4294
Note: 74 101 4301 4401
Note: 69 101 4414 4527
Note: 71 101 4534 4647
Note: 74 101 4654 4754
Note: 69 101 4767 4880
Note: 71 101 4887 4987
Note: 74 101 5000 5087
Note: 76 101 5106 5193
Note: 78 101 5212 5325
Note: 76 101 5332 5445
Note: 78 101 5452 5565
Note: 76 101 5572 5672
Note: 74 101 5685 5785
Note: 80 101 5798 5885
Note: 83 101 5904 6017
Note: 80 101 6024 6137
Note: 83 101 6144 6257
Note: 78 101 6264 6364
Note: 69 101 6377 6490
Note: 71 101 6497 6610
Note: 74 101 6617 6717
Note: 69 101 6730 6843
Note: 71 101 6850 6963
Note: 74 101 6970 7070
Note: 83 100 7083 7196
Note: 81 100 7203 7303
Note: 78 100 7316 7403
Note: 76 100 7422 7509
Note: 74 100 7528 7641
Note: 76 100 7648 7761
Note: 74 100 7768 7881
Note: 76 100 7888 7988
Note: 78 100 8001 8101
Note: 78 100 8114 8201
Note: 76 100 8220 8333
Note: 76 100 8340 8453
Note: 74 100 8460 8560
Note: 74 100 8573 8686
Note: 69 101 8693 8806
Note: 71 101 8813 8926
Note: 74 101 8933 9033
Note: 69 101 9046 9159
Note: 71 101 9166 9279
Note: 74 101 9286 9386
Note: 69 101 9399 9512
Note: 71 101 9519 9619
Note: 74 101 9632 9719
Note: 76 101 9738 9825
Note: 78 101 9844 9957
Note: 76 101 9964 10077
Note: 78 101 10084 10197
Note: 76 101 10204 10304
Note: 74 101 10317 10417
Note: 80 101 10430 10517
Note: 83 101 10536 10649
Note: 80 101 10656 10769
Note: 83 101 10776 10889
Note: 78 101 10896 10996
Note: 69 101 11009 11122
Note: 71 101 11129 11242
Note: 74 101 11249 11349
Note: 69 101 11362 11475
Note: 71 101 11482 11595
Note: 74 101 11602 11702
Note: 83 100 11715 11828
Note: 81 100 11835 11935
Note: 78 100 11948 12035
Note: 76 100 12054 12141
Note: 74 100 12160 12273
Note: 76 100 12280 12393
Note: 74 100 12400 12513
Note: 76 100 12520 12620
Note: 78 100 12633 12733
Note: 78 100 12746 12833
Note: 76 100 12852 12965
Note: 76 100 12972 13085
Note: 74 100 13092 13192
Note: 74 100 13205 13318
Note: 69 101 13325 13438
Note: 71 101 13445 13558
Note: 74 101 13565 13665
Note: 69 101 13678 13791
Note: 71 101 13798 13911
Note: 74 101 13918 14018
Note: 69 101 14031 14144
Note: 71 101 14151 14251
Note: 74 101 14264 14351
Note: 76 101 14370 14457
Note: 78 101 14476 14589
Note: 76 101 14596 14709
Note: 78 101 14716 14829
Note: 76 101 14836 14936
Note: 74 101 14949 15049
Note: 80 101 15062 15149
Note: 83 101 15168 15281
Note: 80 101 15288 15401
Note: 83 101 15408 15521
Note: 78 101 15528 15628
Note: 69 101 15641 15754
Note: 71 101 15761 15874
Note: 74 101 15881 15981
Note: 69 101 15994 16107
Note: 71 101 16114 16227
Note: 74 101 16234 16334
Note: 83 100 16347 16460
Note: 81 100 16467 16567
Note: 78 100 16580 16667
Note: 76 100 16686 16773
Note: 74 100 16792 16905
Note: 76 100 16912 17025
Note: 74 100 17032 17145
Note: 76 100 17152 17252
Note: 78 100 17265 17365
Note: 78 100 17378 17465
Note: 76 100 17484 17597
Note: 76 100 17604 17717
Note: 74 100 17724 17824
Note: 74 100 17837 17950
Note: 69 101 17957 18070
Note: 71 101 18077 18190
Note: 74 101 18197 18297
Note: 69 101 18310 18423
Note: 71 101 18430 18543
Note: 74 101 18550 18650
Note: 69 101 18783 18896
Note: 71 101 18903 19003
Note: 74 101 19016 19103
Note: 76 101 19122 19209
Note: 78 101 19228 19341
Note: 76 101 19348 19461
Note: 78 101 19468 19581
Note: 76 101 19588 19688
Note: 74 101 19701 19801
Note: 80 101 19814 19901
Note: 83 101 19920 20033
Note: 80 101 20040 20153
Note: 83 101 20160 20273
Note: 78 101 20280 20380
Note: 69 101 20393 20506
Note: 71 101 20513 20626
Note: 74 101 20633 20733
Note: 69 101 20746 20859
Note: 71 101 20866 20979
Note: 74 101 20986 21086
Note: 83 100 21099 21212
Note: 81 100 21219 21319
Note: 78 100 21332 21419
Note: 76 100 21438 21525
Note: 74 100 21544 21657
Note: 76 100 21664 21777
Note: 74 100 21784 21897
Note: 76 100 21904 22004
Note: 78 100 22017 22117
Note: 78 100 22130 22217
Note: 76 100 22236 22349
Note: 76 100 22356 22469
Note: 74 100 22476 22576
Note: 74 100 22589 22702
Note: 69 101 22709 22822
Note: 71 101 22829 22942
Note: 74 101 22949 23049
Note: 69 101 23062 23175
Note: 71 101 23182 23295
Note: 74 101 23302 23402
Note: 69 101 23415 23528
Note: 71 101 23535 23635
Note: 74 101 23648 23735
Note: 76 101 23754 23841
Note: 78 101 23860 23973
Note: 76 101 23980 24093
Note: 78 101 24100 24213
Note: 76 101 24220 24320
Note: 74 101 24333 24433
Note: 80 101 24446 24533
Note: 83 101 24552 24665
Note: 80 101 24672 24785
Note: 83 101 24792 24905
Note: 78 101 24912 25012
Note: 69 101 25025 25138
Note: 71 101 25145 25258
Note: 74 101 25265 25365
Note: 69 101 25378 25491
Note: 71 101 25498 25611
Note: 74 101 25618 25718
Note: 83 100 25731 25844
Note: 81 100 25851 25951
Note: 78 100 25964 26051
Note: 76 100 26070 26157
Note: 74 100 26176 26289
Note: 76 100 26296 26409
Note: 74 100 26416 26529
Note: 76 100 26536 26636
Note: 78 100 26649 26749
Note: 78 100 26762 26849
Note: 76 100 26868 26981
Note: 76 100 26988 27101
Note: 74 100 27108 27208
Note: 74 100 27221 27334
Note: 69 101 27341 27454
Note: 71 101 27461 27574
Note: 74 101 27581 27681
Note: 69 101 27694 27807
Note: 71 101 27814 27927
Note: 74 101 27934 28034
Note: 72 101 28107 28220
Note: 74 101 28227 28327
Note: 77 101 28340 28427
Note: 79 101 28446 28533
Note: 81 101 28552 28665
Note: 79 101 28672 28785
Note: 81 101 28792 28905
Note: 79 101 28912 29012
Note: 77 101 29025 29125
Note: 83 101 29138 29225
Note: 86 101 29244 29357
Note: 83 101 29364 29477
Note: 86 101 29484 29597
Note: 81 101 29604 29704
Note: 72 101 29717 29830
Note: 74 101 29837 29950
Note: 77 101 29957 30057
Note: 72 101 30070 30183
Note: 74 101 30190 30303
Note: 77 101 30310 30410
Note: 86 100 30423 30536
Note: 84 100 30543 30643
Note: 81 100 30656 30743
Note: 79 100 30762 30849
Note: 77 100 30868 30981
Note: 79 100 30988 31101
Note: 77 100 31108 31221
Note: 79 100 31228 31328
Note: 81 100 31341 31441
Note: 81 100 31454 31541
Note: 79 100 31560 31673
Note: 79 100 31680 31793
Note: 77 100 31800 31900
Note: 77 100 31913 32026
Note: 72 101 32033 32146
Note: 74 101 32153 32266
Note: 77 101 32273 32373
Note: 72 101 32386 32499
Note: 74 101 32506 32619
Note: 77 101 32626 32726
Note: 72 101 32739 32852
Note: 74 101 32859 32959
Note: 77 101 32972 33059
Note: 79 101 33078 33165
Note: 81 101 33184 33297
Note: 79 101 33304 33417
Note: 81 101 33424 33537
Note: 79 101 33544 33644
Note: 77 101 33657 33757
Note: 83 101 33770 33857
Note: 86 101 33876 33989
Note: 83 101 33996 34109
Note: 86 101 34116 34229
Note: 81 101 34236 34336
Note: 72 101 34349 34462
Note: 74 101 34469 34582
Note: 77 101 34589 34689
Note: 72 101 34702 34815
Note: 74 101 34822 34935
Note: 77 101 34942 35042
Note: 86 100 35055 35168
Note: 84 100 35175 35275
Note: 81 100 35288 35375
Note: 79 100 35394 35481
Note: 77 100 35500 35613
Note: 79 100 35620 35733
Note: 77 100 35740 35853
Note: 79 100 35860 35960
Note: 81 100 35973 36073
Note: 81 100 36086 36173
Note: 79 100 36192 36305
Note: 79 100 36312 36425
Note: 77 100 36432 36532
Note: 77 100 36545 36658
Note: 72 101 36665 36778
Note: 74 101 36785 36898
Note: 77 101 36905 37005
Note: 72 101 37018 37131
Note: 74 101 37138 37251
Note: 77 101 37258 37358
Note: 72 101 37371 37484
Note: 74 101 37491 37591
Note: 77 101 37604 37691
Note: 79 101 37710 37797
Note: 81 101 37816 37929
Note: 79 101 37936 38049
Note: 81 101 38056 38169
Note: 79 101 38176 38276
Note: 77 101 38289 38389
Note: 83 101 38402 38489
Note: 86 101 38508 38621
Note: 83 101 38628 38741
Note: 86 101 38748 38861
Note: 81 101 38868 38968
Note: 72 101 38981 39094
Note: 74 101 39101 39214
Note: 77 101 39221 39321
Note: 72 101 39334 39447
Note: 74 101 39454 39567
Note: 77 101 39574 39674
Note: 86 100 39687 39800
Note: 84 100 39807 39907
Note: 81 100 39920 40007
Note: 79 100 40026 40113
Note: 77 100 40132 40245
Note: 79 100 40252 40365
Note: 77 100 40372 40485
Note: 79 100 40492 40592
Note: 81 100 40605 40705
Note: 81 100 40718 40805
Note: 79 100 40824 40937
Note: 79 100 40944 41057
Note: 77 100 41064 41164
Note: 77 100 41177 41290
Note: 72 101 41297 41410
Note: 74 101 41417 41530
Note: 77 101 41537 41637
Note: 72 101 41650 41763
Note: 74 101 41770 41883
Note: 77 101 41890 41990
Note: 72 101 42003 42116
Note: 74 101 42123 42223
Note: 77 101 42236 42323
Note: 79 101 42342 42429
Note: 81 101 42448 42561
Note: 79 101 42568 42681
Note: 81 101 42688 42801
Note: 79 101 42808 42908
Note: 77 101 42921 43021
Note: 83 101 43034 43121
Note: 86 101 43140 43253
Note: 83 101 43260 43373
Note: 86 101 43380 43493
Note: 81 101 43500 43600
Note: 72 101 43613 43726
Note: 74 101 43733 43846
Note: 77 101 43853 43953
Note: 72 101 43966 44079
Note: 74 101 44086 44199
Note: 77 101 44206 44306
Note: 86 100 44319 44432
Note: 84 100 44439 44539
Note: 81 100 44552 44639
Note: 79 100 44658 44745
Note: 77 100 44764 44877
Note: 79 100 44884 44997
Note: 77 100 45004 45117
Note: 79 100 45124 45224
Note: 81 100 45237 45337
Note: 81 100 45350 45437
Note: 79 100 45456 45569
Note: 79 100 45576 45689
Note: 77 100 45696 45796
Note: 77 100 45809 45922
Note: 72 101 45929 46042
Note: 74 101 46049 46162
Note: 77 101 46169 46269
Note: 72 101 46282 46395
Note: 74 101 46402 46515
Note: 77 101 46522 46622
Note: 72 101 46635 46748
Note: 74 101 46755 46855
Note: 77 101 46868 46955
Note: 79 101 46974 47061
Note: 81 101 47080 47193
Note: 79 101 47200 47313
Note: 81 101 47320 47433
Note: 79 101 47440 47540
Note: 77 101 47553 47653
Note: 83 101 47666 47753
Note: 86 101 47772 47885
Note: 83 101 47892 48005
Note: 86 101 48012 48125
Note: 81 101 48132 48232
Note: 72 101 48245 48358
Note: 74 101 48365 48478
Note: 77 101 48485 48585
Note: 72 101 48598 48711
Note: 74 101 48718 48831
Note: 77 101 48838 48938
Note: 86 100 48951 49064
Note: 84 100 49071 49171
Note: 81 100 49184 49271
Note: 79 100 49290 49377
Note: 77 100 49396 49509
Note: 79 100 49516 49629
Note: 77 100 49636 49749
Note: 79 100 49756 49856
Note: 81 100 49869 49969
Note: 81 100 49982 50069
Note: 79 100 50088 50201
Note: 79 100 50208 50321
Note: 77 100 50328 50428
Note: 77 100 50441 50554
Note: 72 101 50561 50674
Note: 74 101 50681 50794
Note: 77 101 50801 50901
Note: 72 101 50914 51027
Note: 74 101 51034 51147
Note: 77 101 51154 51254
Note: 69 101 51267 51380
Note: 71 101 51387 51487
Note: 74 101 51500 51587
Note: 76 101 51606 51693
Note: 78 101 51712 51825
Note: 76 101 51832 51945
Note: 78 101 51952 52065
Note: 76 101 52072 52172
Note: 74 101 52185 52285
Note: 80 101 52298 52385
Note: 83 101 52404 52517
Note: 80 101 52524 52637
Note: 83 101 52644 52757
Note: 78 101 52764 52864
Note: 69 101 52877 52990
Note: 71 101 52997 53110
Note: 74 101 53117 53217
Note: 69 101 53230 53343
Note: 71 101 53350 53463
Note: 74 101 53470 53570
Note: 83 100 53583 53696
Note: 81 100 53703 53803
Note: 78 100 53816 53903
Note: 76 100 53922 54009
Note: 74 100 54028 54141
Note: 76 100 54148 54261
Note: 74 100 54268 54381
Note: 76 100 54388 54488
Note: 78 100 54501 54601
Note: 78 100 54614 54701
Note: 76 100 54720 54833
Note: 76 100 54840 54953
Note: 74 100 54960 55060
Note: 74 100 55073 55186
Note: 69 101 55193 55306
Note: 71 101 55313 55426
Note: 74 101 55433 55533
Note: 69 101 55546 55659
Note: 71 101 55666 55779
Note: 74 101 55786 55886
Note: 69 101 55899 56012
Note: 71 101 56019 56119
Note: 74 101 56132 56219
Note: 76 101 56238 56325
Note: 78 101 56344 56457
Note: 76 101 56464 56577
Note: 78 101 56584 56697
Note: 76 101 56704 56804
Note: 74 101 56817 56917
Note: 80 101 56930 57017
Note: 83 101 57036 57149
Note: 80 101 57156 57269
Note: 83 101 57276 57389
Note: 78 101 57396 57496
Note: 69 101 57509 57622
Note: 71 101 57629 57742
Note: 74 101 57749 57849
Note: 69 101 57862 57975
Note: 71 101 57982 58095
Note: 74 101 58102 58202
Note: 83 100 58215 58328
Note: 81 100 58335 58435
Note: 78 100 58448 58535
Note: 76 100 58554 58641
Note: 74 100 58660 58773
Note: 76 100 58780 58893
Note: 74 100 58900 59013
Note: 76 100 59020 59120
Note: 78 100 59133 59233
Note: 78 100 59246 59333
Note: 76 100 59352 59465
Note: 76 100 59472 59585
Note: 74 100 59592 59692
Note: 74 100 59705 59818
Note: 69 101 59825 59938
Note: 71 101 59945 60058
Note: 74 101 60065 60165
Note: 69 101 60178 60291
Note: 71 101 60298 60411
Note: 74 101 60418 60518
Track: track
Instrument: instrument
Track: track
Instrument: instrument
Note: 31 100 135 235
Note: 43 100 248 348
Note: 31 100 361 461
Note: 42 100 474 574
Note: 30 100 587 687
Note: 42 100 700 800
Note: 30 100 813 913
Note: 42 100 926 1026
Note: 25 100 1039 1139
Note: 37 100 1152 1252
Note: 25 100 1265 1365
Note: 38 100 1378 1478
Note: 26 100 1491 1591
Note: 38 100 1604 1704
Note: 26 100 1717 1817
Note: 38 100 1830 1930
Note: 28 100 1943 2043
Note: 40 100 2056 2156
Note: 28 100 2169 2269
Note: 45 100 2282 2382
Note: 33 100 2395 2495
Note: 45 100 2508 2608
Note: 33 100 2621 2721
Note: 45 100 2734 2834
Note: 26 100 2847 2947
Note: 38 100 2960 3060
Note: 26 100 3073 3173
Note: 35 100 3186 3286
Note: 23 100 3299 3399
Note: 35 100 3412 3512
Note: 23 100 3525 3625
Note: 35 100 3638 3738
Note: 31 100 3751 3851
Note: 43 100 3864 3964
Note: 31 100 3977 4077
Note: 42 100 4090 4190
Note: 30 100 4203 4303
Note: 42 100 4316 4416
Note: 30 100 4429 4529
Note: 42 100 4542 4642
Note: 25 100 4655 4755
Note: 37 100 4768 4868
Note: 25 100 4881 4981
Note: 38 100 4994 5094
Note: 26 100 5107 5207
Note: 38 100 5220 5320
Note: 26 100 5333 5433
Note: 38 100 5446 5546
Note: 28 100 5559 5659
Note: 40 100 5672 5772
Note: 28 100 5785 5885
Note: 45 100 5898 5998
Note: 33 100 6011 6111
Note: 45 100 6124 6224
Note: 33 100 6237 6337
Note: 45 100 6350 6450
Note: 26 100 6463 6563
Note: 38 100 6576 6676
Note: 26 100 6689 6789
Note: 35 100 6802 6902
Note: 23 100 6915 7015
Note: 35 100 7028 7128
Note: 23 100 7141 7241
Note: 35 100 7254 7354
Note: 31 100 7367 7467
Note: 43 100 7480 7580
Note: 31 100 7593 7693
Note: 42 100 7706 7806
Note: 30 100 7819 7919
Note: 42 100 7932 8032
Note: 30 100 8045 8145
Note: 42 100 8158 8258
Note: 25 100 8271 8371
Note: 37 100 8384 8484
Note: 25 100 8497 8597
Note: 38 100 8610 8710
Note: 26 100 8723 8823
Note: 38 100 8836 8936
Note: 26 100 8949 9049
Note: 38 100 9062 9162
Note: 28 100 9175 9275
Note: 40 100 9288 9388
Note: 28 100 9401 9501
Note: 45 100 9514 9614
Note: 33 100 9627 9727
Note: 45 100 9740 9840
Note: 33 100 9853 9953
Note: 45 100 9966 10066
Note: 26 100 10079 10179
Note: 38 100 10192 10292
Note: 26 100 10305 10405
Note: 35 100 10418 10518
Note: 23 100 10531 10631
Note: 35 100 10644 10744
Note: 23 100 10757 10857
Note: 35 100 10870 10970
Note: 31 100 10983 11083
Note: 43 100 11096 11196
Note: 31 100 11209 11309
Note: 42 100 11322 11422
Note: 30 100 11435 11535
Note: 42 100 11548 11648
Note: 30 100 11661 11761
Note: 42 100 11774 11874
Note: 25 100 11887 11987
Note: 37 100 12000 12100
Note: 25 100 12113 12213
Note: 38 100 12226 12326
Note: 26 100 12339 12439
Note: 38 100 12452 12552
Note: 26 100 12565 12665
Note: 38 100 12678 12778
Note: 28 100 12791 12891
Note: 40 100 12904 13004
Note: 28 100 13017 13117
Note: 45 100 13130 13230
Note: 33 100 13243 13343
Note: 45 100 13356 13456
Note: 33 100 13469 13569
Note: 45 100 13582 13682
Note: 26 100 13695 13795
Note: 38 100 13808 13908
Note: 26 100 13921 14021
Note: 35 100 14034 14134
Note: 23 100 14147 14247
Note: 35 100 14260 14360
Note: 23 100 14373 14473
Note: 35 100 14486 14586
Note: 34 100 14705 14805
Note: 46 100 14818 14918
Note: 34 100 14931 15031
Note: 45 100 15044 15144
Note: 33 100 15157 15257
Note: 45 100 15270 15370
Note: 33 100 15383 15483
Note: 45 100 15496 15596
Note: 28 100 15609 15709
Note: 40 100 15722 15822
Note: 28 100 15835 15935
Note: 41 100 15948 16048
Note: 29 100 16061 16161
Note: 41 100 16174 16274
Note: 29 100 16287 16387
Note: 41 100 16400 16500
Note: 31 100 16513 16613
Note: 43 100 16626 16726
Note: 31 100 16739 16839
Note: 48 100 16852 16952
Note: 36 100 16965 17065
Note: 48 100 17078 17178
Note: 36 100 17191 17291
Note: 48 100 17304 17404
Note: 29 100 17417 17517
Note: 41 100 17530 17630
Note: 29 100 17643 17743
Note: 38 100 17756 17856
Note: 26 100 17869 17969
Note: 38 100 17982 18082
Note: 26 100 18095 18195
Note: 38 100 18208 18308
Note: 34 100 18321 18421
Note: 46 100 18434 18534
Note: 34 100 18547 18647
Note: 45 100 18660 18760
Note: 33 100 18773 18873
Note: 45 100 18886 18986
Note: 33 100 18999 19099
Note: 45 100 19112 19212
Note: 28 100 19225 19325
Note: 40 100 19338 19438
Note: 28 100 19451 19551
Note: 41 100 19564 19664
Note: 29 100 19677 19777
Note: 41 100 19790 19890
Note: 29 100 19903 20003
Note: 41 100 20016 20116
Note: 31 100 20129 20229
Note: 43 100 20242 20342
Note: 31 100 20355 20455
Note: 48 100 20468 20568
Note: 36 100 20581 20681
Note: 48 100 20694 20794
Note: 36 100 20807 20907
Note: 48 100 20920 21020
Note: 29 100 21033 21133
Note: 41 100 21146 21246
Note: 29 100 21259 21359
Note: 38 100 21372 21472
Note: 26 100 21485 21585
Note: 38 100 21598 21698
Note: 26 100 21711 21811
Note: 38 100 21824 21924
Note: 34 100 21937 22037
Note: 46 100 22050 22150
Note: 34 100 22163 22263
Note: 45 100 22276 22376
Note: 33 100 22389 22489
Note: 45 100 22502 22602
Note: 33 100 22615 22715
Note: 45 100 22728 22828
Note: 28 100 22841 22941
Note: 40 100 22954 23054
Note: 28 100 23067 23167
Note: 41 100 23180 23280
Note: 29 100 23293 23393
Note: 41 100 23406 23506
Note: 29 100 23519 23619
Note: 41 100 23632 23732
Note: 31 100 23745 23845
Note: 43 100 23858 23958
Note: 31 100 23971 24071
Note: 48 100 24084 24184
Note: 36 100 24197 24297
Note: 48 100 24310 24410
Note: 36 100 24423 24523
Note: 48 100 24536 24636
Note: 29 100 24649 24749
Note: 41 100 24762 24862
Note: 29 100 24875 24975
Note: 38 100 24988 25088
Note: 26 100 25101 25201
Note: 38 100 25214 25314
Note: 26 100 25327 25427
Note: 38 100 25440 25540
Note: 34 100 25553 25653
Note: 46 100 25666 25766
Note: 34 100 25779 25879
Note: 45 100 25892 25992
Note: 33 100 26005 26105
Note: 45 100 26118 26218
Note: 33 100 26231 26331
Note: 45 100 26344 26444
Note: 28 100 26457 26557
Note: 40 100 26570 26670
Note: 28 100 26683 26783
Note: 41 100 26796 26896
Note: 29 100 26909 27009
Note: 41 100 27022 27122
Note: 29 100 27135 27235
Note: 41 100 27248 27348
Note: 31 100 27361 27461
Note: 43 100 27474 27574
Note: 31 100 27587 27687
Note: 48 100 27700 27800
Note: 36 100 27813 27913
Note: 48 100 27926 28026
Note: 36 100 28039 28139
Note: 48 100 28152 28252
Note: 29 100 28265 28365
Note: 41 100 28378 28478
Note: 29 100 28491 28591
Note: 38 100 28604 28704
Note: 26 100 28717 28817
Note: 38 100 28830 28930
Note: 26 100 28943 29043
Note: 38 100 29056 29156
Track: track
Instrument: instrument
Note: 67 80 135 183
Note: 74 80 135 183
Note: 78 80 135 183
Note: 83 100 135 183
Note: 66 80 220 343
Note: 73 80 220 343
Note: 76 80 220 343
Note: 78 80 220 343
Note: 81 100 220 343
Note: 73 80 404 452
Note: 80 80 404 452
Note: 83 80 404 452
Note: 88 100 404 452
Note: 66 80 489 612
Note: 74 80 489 612
Note: 81 100 489 612
Note: 85 100 489 612
Note: 67 80 673 721
Note: 76 80 673 721
Note: 83 100 673 721
Note: 86 100 673 721
Note: 73 80 758 881
Note: 76 80 758 881
Note: 81 80 758 881
Note: 85 80 758 881
Note: 88 100 758 881
Note: 74 80 942 990
Note: 78 80 942 990
Note: 81 80 942 990
Note: 85 100 942 990
Note: 71 80 1027 1049
Note: 78 80 1027 1049
Note: 81 80 1027 1049
Note: 83 80 1027 1049
Note: 86 100 1027 1049
Note: 67 80 1084 1132
Note: 74 80 1084 1132
Note: 78 80 1084 1132
Note: 83 100 1084 1132
Note: 66 80 1169 1292
Note: 73 80 1169 1292
Note: 76 80 1169 1292
Note: 78 80 1169 1292
Note: 81 100 1169 1292
Note: 73 80 1353 1401
Note: 80 80 1353 1401
Note: 83 80 1353 1401
Note: 88 100 1353 1401
Note: 66 80 1438 1561
Note: 74 80 1438 1561
Note: 81 100 1438 1561
Note: 85 100 1438 1561
Note: 67 80 1622 1670
Note: 76 80 1622 1670
Note: 83 100 1622 1670
Note: 86 100 1622 1670
Note: 73 80 1707 1830
Note: 76 80 1707 1830
Note: 81 80 1707 1830
Note: 85 80 1707 1830
Note: 88 100 1707 1830
Note: 74 80 1891 1939
Note: 78 80 1891 1939
Note: 81 80 1891 1939
Note: 85 100 1891 1939
Note: 71 80 1976 1998
Note: 78 80 1976 1998
Note: 81 80 1976 1998
Note: 83 80 1976 1998
Note: 86 100 1976 1998
Note: 67 80 2033 2081
Note: 74 80 2033 2081
Note: 78 80 2033 2081
Note: 83 100 2033 2081
Note: 66 80 2118 2241
Note: 73 80 2118 2241
Note: 76 80 2118 2241
Note: 78 80 2118 2241
Note: 81 100 2118 2241
Note: 73 80 2302 2350
Note: 80 80 2302 2350
Note: 83 80 2302 2350
Note: 88 100 2302 2350
Note: 66 80 2387 2510
Note: 74 80 2387 2510
Note: 81 100 2387 2510
Note: 85 100 2387 2510
Note: 67 80 2571 2619
Note: 76 80 2571 2619
Note: 83 100 2571 2619
Note: 86 100 2571 2619
Note: 73 80 2656 2779
Note: 76 80 2656 2779
Note: 81 80 2656 2779
Note: 85 80 2656 2779
Note: 88 100 2656 2779
Note: 74 80 2840 2888
Note: 78 80 2840 2888
Note: 81 80 2840 2888
Note: 85 100 2840 2888
Note: 71 80 2925 2947
Note: 78 80 2925 2947
Note: 81 80 2925 2947
Note: 83 80 2925 2947
Note: 86 100 2925 2947
Note: 67 80 2982 3030
Note: 74 80 2982 3030
Note: 78 80 2982 3030
Note: 83 100 2982 3030
Note: 66 80 3067 3190
Note: 73 80 3067 3190
Note: 76 80 3067 3190
Note: 78 80 3067 3190
Note: 81 100 3067 3190
Note: 73 80 3251 3299
Note: 80 80 3251 3299
Note: 83 80 3251 3299
Note: 88 100 3251 3299
Note: 66 80 3336 3459
Note: 74 80 3336 3459
Note: 81 100 3336 3459
Note: 85 100 3336 3459
Note: 67 80 3520 3568
Note: 76 80 3520 3568
Note: 83 100 3520 3568
Note: 86 100 3520 3568
Note: 73 80 3605 3728
Note: 76 80 3605 3728
Note: 81 80 3605 3728
Note: 85 80 3605 3728
Note: 88 100 3605 3728
Note: 74 80 3789 3837
Note: 78 80 3789 3837
Note: 81 80 3789 3837
Note: 85 100 3789 3837
Note: 71 80 3874 3896
Note: 78 80 3874 3896
Note: 81 80 3874 3896
Note: 83 80 3874 3896
Note: 86 100 3874 3896
Note: 67 80 3931 3979
Note: 74 80 3931 3979
Note: 78 80 3931 3979
Note: 83 100 3931 3979
Note: 66 80 4016 4139
Note: 73 80 4016 4139
Note: 76 80 4016 4139
Note: 78 80 4016 4139
Note: 81 100 4016 4139
Note: 73 80 4200 4248
Note: 80 80 4200 4248
Note: 83 80 4200 4248
Note: 88 100 4200 4248
Note: 66 80 4285 4408
Note: 74 80 4285 4408
Note: 81 100 4285 4408
Note: 85 100 4285 4408
Note: 67 80 4469 4517
Note: 76 80 4469 4517
Note: 83 100 4469 4517
Note: 86 100 4469 4517
Note: 73 80 4554 4677
Note: 76 80 4554 4677
Note: 81 80 4554 4677
Note: 85 80 4554 4677
Note: 88 100 4554 4677
Note: 74 80 4738 4786
Note: 78 80 4738 4786
Note: 81 80 4738 4786
Note: 85 100 4738 4786
Note: 71 80 4823 4845
Note: 78 80 4823 4845
Note: 81 80 4823 4845
Note: 83 80 4823 4845
Note: 86 100 4823 4845
Note: 67 80 4880 4928
Note: 74 80 4880 4928
Note: 78 80 4880 4928
Note: 83 100 4880 4928
Note: 66 80 4965 5088
Note: 73 80 4965 5088
Note: 76 80 4965 5088
Note: 78 80 4965 5088
Note: 81 100 4965 5088
Note: 73 80 5149 5197
Note: 80 80 5149 5197
Note: 83 80 5149 5197
Note: 88 100 5149 5197
Note: 66 80 5234 5357
Note: 74 80 5234 5357
Note: 81 100 5234 5357
Note: 85 100 5234 5357
Note: 67 80 5418 5466
Note: 76 80 5418 5466
Note: 83 100 5418 5466
Note: 86 100 5418 5466
Note: 73 80 5503 5626
Note: 76 80 5503 5626
Note: 81 80 5503 5626
Note: 85 80 5503 5626
Note: 88 100 5503 5626
Note: 74 80 5687 5735
Note: 78 80 5687 5735
Note: 81 80 5687 5735
Note: 85 100 5687 5735
Note: 71 80 5772 5794
Note: 78 80 5772 5794
Note: 81 80 5772 5794
Note: 83 80 5772 5794
Note: 86 100 5772 5794
Note: 67 80 5829 5877
Note: 74 80 5829 5877
Note: 78 80 5829 5877
Note: 83 100 5829 5877
Note: 66 80 5914 6037
Note: 73 80 5914 6037
Note: 76 80 5914 6037
Note: 78 80 5914 6037
Note: 81 100 5914 6037
Note: 73 80 6098 6146
Note: 80 80 6098 6146
Note: 83 80 6098 6146
Note: 88 100 6098 6146
Note: 66 80 6183 6306
Note: 74 80 6183 6306
Note: 81 100 6183 6306
Note: 85 100 6183 6306
Note: 67 80 6367 6415
Note: 76 80 6367 6415
Note: 83 100 6367 6415
Note: 86 100 6367 6415
Note: 73 80 6452 6575
Note: 76 80 6452 6575
Note: 81 80 6452 6575
Note: 85 80 6452 6575
Note: 88 100 6452 6575
Note: 74 80 6636 6684
Note: 78 80 6636 6684
Note: 81 80 6636 6684
Note: 85 100 6636 6684
Note: 71 80 6721 6743
Note: 78 80 6721 6743
Note: 81 80 6721 6743
Note: 83 80 6721 6743
Note: 86 100 6721 6743
Note: 67 80 6778 6826
Note: 74 80 6778 6826
Note: 78 80 6778 6826
Note: 83 100 6778 6826
Note: 66 80 6863 6986
Note: 73 80 6863 6986
Note: 76 80 6863 6986
Note: 78 80 6863 6986
Note: 81 100 6863 6986
Note: 73 80 7047 7095
Note: 80 80 7047 7095
Note: 83 80 7047 7095
Note: 88 100 7047 7095
Note: 66 80 7132 7255
Note: 74 80 7132 7255
Note: 81 100 7132 7255
Note: 85 100 7132 7255
Note: 67 80 7316 7364
Note: 76 80 7316 7364
Note: 83 100 7316 7364
Note: 86 100 7316 7364
Note: 73 80 7401 7524
Note: 76 80 7401 7524
Note: 81 80 7401 7524
Note: 85 80 7401 7524
Note: 88 100 7401 7524
Note: 74 80 7585 7633
Note: 78 80 7585 7633
Note: 81 80 7585 7633
Note: 85 100 7585 7633
Note: 71 80 7670 7692
Note: 78 80 7670 7692
Note: 81 80 7670 7692
Note: 83 80 7670 7692
Note: 86 100 7670 7692
Note: 67 80 7727 7775
Note: 74 80 7727 7775
Note: 78 80 7727 7775
Note: 83 100 7727 7775
Note: 66 80 7812 7935
Note: 73 80 7812 7935
Note: 76 80 7812 7935
Note: 78 80 7812 7935
Note: 81 100 7812 7935
Note: 73 80 7996 8044
Note: 80 80 7996 8044
Note: 83 80 7996 8044
Note: 88 100 7996 8044
Note: 66 80 8081 8204
Note: 74 80 8081 8204
Note: 81 100 8081 8204
Note: 85 100 8081 8204
Note: 67 80 8265 8313
Note: 76 80 8265 8313
Note: 83 100 8265 8313
Note: 86 100 8265 8313
Note: 73 80 8350 8473
Note: 76 80 8350 8473
Note: 81 80 8350 8473
Note: 85 100 8350 8473
Note: 88 100 8350 8473
Note: 73 80 8534 8582
Note: 78 80 8534 8582
Note: 82 80 8534 8582
Note: 85 100 8534 8582
Note: 90 100 8534 8582
Note: 72 80 8619 8667
Note: 75 80 8619 8667
Note: 80 80 8619 8667
Note: 84 100 8619 8667
Note: 87 100 8619 8667
Note: 92 100 8619 8667
Note: 70 80 8736 8784
Note: 77 80 8736 8784
Note: 81 80 8736 8784
Note: 86 100 8736 8784
Note: 69 80 8821 8944
Note: 76 80 8821 8944
Note: 79 80 8821 8944
Note: 85 100 8821 8944
Note: 76 80 9005 9053
Note: 83 80 9005 9053
Note: 86 80 9005 9053
Note: 91 100 9005 9053
Note: 69 80 9090 9213
Note: 77 80 9090 9213
Note: 84 100 9090 9213
Note: 88 100 9090 9213
Note: 70 80 9274 9322
Note: 79 80 9274 9322
Note: 86 100 9274 9322
Note: 89 100 9274 9322
Note: 76 80 9359 9482
Note: 79 80 9359 9482
Note: 84 80 9359 9482
Note: 88 80 9359 9482
Note: 91 100 9359 9482
Note: 77 80 9543 9565
Note: 81 80 9543 9565
Note: 84 80 9543 9565
Note: 88 100 9543 9565
Note: 74 80 9614 9636
Note: 81 80 9614 9636
Note: 84 80 9614 9636
Note: 86 80 9614 9636
Note: 89 100 9614 9636
Note: 70 80 9685 9733
Note: 77 80 9685 9733
Note: 81 80 9685 9733
Note: 86 100 9685 9733
Note: 69 80 9770 9893
Note: 76 80 9770 9893
Note: 79 80 9770 9893
Note: 85 100 9770 9893
Note: 76 80 9954 10002
Note: 83 80 9954 10002
Note: 86 80 9954 10002
Note: 91 100 9954 10002
Note: 69 80 10039 10162
Note: 77 80 10039 10162
Note: 84 100 10039 10162
Note: 88 100 10039 10162
Note: 70 80 10223 10271
Note: 79 80 10223 10271
Note: 86 100 10223 10271
Note: 89 100 10223 10271
Note: 76 80 10308 10431
Note: 79 80 10308 10431
Note: 84 80 10308 10431
Note: 88 80 10308 10431
Note: 91 100 10308 10431
Note: 77 80 10492 10514
Note: 81 80 10492 10514
Note: 84 80 10492 10514
Note: 88 100 10492 10514
Note: 74 80 10563 10585
Note: 81 80 10563 10585
Note: 84 80 10563 10585
Note: 86 80 10563 10585
Note: 89 100 10563 10585
Note: 70 80 10634 10682
Note: 77 80 10634 10682
Note: 81 80 10634 10682
Note: 86 100 10634 10682
Note: 69 80 10719 10842
Note: 76 80 10719 10842
Note: 79 80 10719 10842
Note: 85 100 10719 10842
Note: 76 80 10903 10951
Note: 83 80 10903 10951
Note: 86 80 10903 10951
Note: 91 100 10903 10951
Note: 69 80 10988 11111
Note: 77 80 10988 11111
Note: 84 100 10988 11111
Note: 88 100 10988 11111
Note: 70 80 11172 11220
Note: 79 80 11172 11220
Note: 86 100 11172 11220
Note: 89 100 11172 11220
Note: 76 80 11257 11380
Note: 79 80 11257 11380
Note: 84 80 11257 11380
Note: 88 80 11257 11380
Note: 91 100 11257 11380
Note: 77 80 11441 11463
Note: 81 80 11441 11463
Note: 84 80 11441 11463
Note: 88 100 11441 11463
Note: 74 80 11512 11534
Note: 81 80 11512 11534
Note: 84 80 11512 11534
Note: 86 80 11512 11534
Note: 89 100 11512 11534
Note: 70 80 11583 11631
Note: 77 80 11583 11631
Note: 81 80 11583 11631
Note: 86 100 11583 11631
Note: 69 80 11668 11791
Note: 76 80 11668 11791
Note: 79 80 11668 11791
Note: 85 100 11668 11791
Note: 76 80 11852 11900
Note: 83 80 11852 11900
Note: 86 80 11852 11900
Note: 91 100 11852 11900
Note: 69 80 11937 12060
Note: 77 80 11937 12060
Note: 84 100 11937 12060
Note: 88 100 11937 12060
Note: 70 80 12121 12169
Note: 79 80 12121 12169
Note: 86 100 12121 12169
Note: 89 100 12121 12169
Note: 76 80 12206 12329
Note: 79 80 12206 12329
Note: 84 80 12206 12329
Note: 88 80 12206 12329
Note: 91 100 12206 12329
Note: 77 80 12390 12412
Note: 81 80 12390 12412
Note: 84 80 12390 12412
Note: 88 100 12390 12412
Note: 74 80 12461 12483
Note: 81 80 12461 12483
Note: 84 80 12461 12483
Note: 86 80 12461 12483
Note: 89 100 12461 12483
Note: 67 80 12532 12580
Note: 74 80 12532 12580
Note: 78 80 12532 12580
Note: 83 100 12532 12580
Note: 66 80 12617 12740
Note: 73 80 12617 12740
Note: 76 80 12617 12740
Note: 78 80 12617 12740
Note: 81 100 12617 12740
Note: 73 80 12801 12849
Note: 80 80 12801 12849
Note: 83 80 12801 12849
Note: 88 100 12801 12849
Note: 66 80 12886 13009
Note: 74 80 12886 13009
Note: 81 100 12886 13009
Note: 85 100 12886 13009
Note: 67 80 13070 13118
Note: 76 80 13070 13118
Note: 83 100 13070 13118
Note: 86 100 13070 13118
Note: 73 80 13155 13278
Note: 76 80 13155 13278
Note: 81 80 13155 13278
Note: 85 80 13155 13278
Note: 88 100 13155 13278
Note: 74 80 13339 13387
Note: 78 80 13339 13387
Note: 81 80 13339 13387
Note: 85 100 13339 13387
Note: 71 80 13424 13446
Note: 78 80 13424 13446
Note: 81 80 13424 13446
Note: 83 80 13424 13446
Note: 86 100 13424 13446
Note: 67 80 13481 13529
Note: 74 80 13481 13529
Note: 78 80 13481 13529
Note: 83 100 13481 13529
Note: 66 80 13566 13689
Note: 73 80 13566 13689
Note: 76 80 13566 13689
Note: 78 80 13566 13689
Note: 81 100 13566 13689
Note: 73 80 13750 13798
Note: 80 80 13750 13798
Note: 83 80 13750 13798
Note: 88 100 13750 13798
Note: 66 80 13835 13958
Note: 74 80 13835 13958
Note: 81 100 13835 13958
Note: 85 100 13835 13958
Note: 67 80 14019 14067
Note: 76 80 14019 14067
Note: 83 100 14019 14067
Note: 86 100 14019 14067
Note: 73 80 14104 14227
Note: 76 80 14104 14227
Note: 81 80 14104 14227
Note: 85 80 14104 14227
Note: 88 100 14104 14227
Note: 74 80 14288 14400
Note: 78 80 14288 14400
Note: 81 80 14288 14400
Note: 85 100 14288 14400
Track: track
Instrument: instrument
Track: track
Instrument: instrument
Note: 95 101 248 361
Note: 93 101 368 455
Note: 90 101 474 574
Note: 88 101 587 687
Note: 86 101 700 800
Note: 88 101 813 926
Note: 90 101 933 1033
Note: 83 101 1046 1133
Note: 83 101 1152 1265
Note: 86 101 1272 1385
Note: 88 101 1392 1492
Note: 83 101 1505 1618
Note: 86 101 1625 1738
Note: 88 101 1745 1845
Note: 90 101 1858 1958
Note: 88 101 1971 2071
Note: 90 101 2084 2184
Note: 93 101 2197 2310
Note: 95 100 2317 2417
Note: 93 100 2430 2517
Note: 90 100 2536 2636
Note: 93 100 2649 2762
Note: 90 100 2769 2882
Note: 89 100 2889 3002
Note: 88 100 3009 3109
Note: 86 100 3122 3209
Note: 85 100 3228 3341
Note: 86 100 3348 3448
Note: 88 100 3461 3548
Note: 86 100 3567 3667
Note: 90 100 3680 3780
Note: 88 100 3793 3893
Note: 93 100 3906 4006
Note: 90 100 4019 4119
Note: 95 101 4245 4358
Note: 93 101 4365 4452
Note: 90 101 4471 4571
Note: 88 101 4584 4684
Note: 86 101 4697 4797
Note: 88 101 4810 4923
Note: 90 101 4930 5030
Note: 83 101 5043 5130
Note: 83 101 5149 5262
Note: 86 101 5269 5382
Note: 88 101 5389 5489
Note: 86 101 5502 5615
Note: 88 101 5622 5735
Note: 91 101 5742 5842
Note: 90 101 5855 5955
Note: 88 101 5968 6068
Note: 86 101 6081 6181
Note: 93 100 6194 6294
Note: 95 100 6307 6420
Note: 93 100 6427 6514
Note: 90 100 6533 6633
Note: 93 100 6646 6759
Note: 90 100 6766 6879
Note: 89 100 6886 6999
Note: 88 100 7006 7106
Note: 86 100 7119 7206
Note: 90 100 7225 7338
Note: 89 100 7345 7445
Note: 88 100 7458 7571
Note: 88 100 7578 7678
Note: 83 100 7691 7804
Note: 86 100 7691 7804
Note: 83 100 7811 7898
Note: 86 100 7811 7898
Note: 95 101 7988 8101
Note: 93 101 8108 8195
Note: 90 101 8214 8314
Note: 88 101 8327 8427
Note: 86 101 8440 8540
Note: 88 101 8553 8666
Note: 90 101 8673 8773
Note: 83 101 8786 8873
Note: 83 101 8892 9005
Note: 86 101 9012 9125
Note: 88 101 9132 9232
Note: 83 101 9245 9358
Note: 86 101 9365 9478
Note: 88 101 9485 9585
Note: 90 101 9598 9698
Note: 88 101 9711 9811
Note: 90 101 9824 9924
Note: 93 101 9937 10050
Note: 95 100 10057 10157
Note: 93 100 10170 10257
Note: 90 100 10276 10376
Note: 93 100 10389 10502
Note: 90 100 10509 10622
Note: 89 100 10629 10742
Note: 88 100 10749 10849
Note: 86 100 10862 10949
Note: 85 100 10968 11081
Note: 86 100 11088 11188
Note: 88 100 11201 11288
Note: 86 100 11307 11407
Note: 90 100 11420 11520
Note: 88 100 11533 11633
Note: 93 100 11646 11746
Note: 90 100 11759 11859
Note: 95 101 11985 12098
Note: 93 101 12105 12192
Note: 90 101 12211 12311
Note: 88 101 12324 12424
Note: 86 101 12437 12537
Note: 88 101 12550 12663
Note: 90 101 12670 12770
Note: 83 101 12783 12870
Note: 83 101 12889 13002
Note: 86 101 13009 13122
Note: 88 101 13129 13229
Note: 86 101 13242 13355
Note: 88 101 13362 13475
Note: 91 101 13482 13582
Note: 90 101 13595 13695
Note: 88 101 13708 13808
Note: 86 101 13821 13921
Note: 93 100 13934 14034
Note: 95 100 14047 14160
Note: 93 100 14167 14254
Note: 90 100 14273 14373
Note: 93 100 14386 14499
Note: 90 100 14506 14619
Note: 89 100 14626 14739
Note: 88 100 14746 14846
Note: 86 100 14859 14946
Note: 90 100 14965 15078
Note: 89 100 15085 15185
Note: 88 100 15198 15311
Note: 88 100 15318 15418
Note: 83 100 15431 15544
Note: 86 100 15431 15544
Note: 83 100 15551 15638
Note: 86 100 15551 15638
Note: 86 101 15961 16074
Note: 84 101 16081 16168
Note: 81 101 16187 16287
Note: 79 101 16300 16400
Note: 77 101 16413 16513
Note: 79 101 16526 16639
Note: 81 101 16646 16746
Note: 74 101 16759 16846
Note: 74 101 16865 16978
Note: 77 101 16985 17098
Note: 79 101 17105 17205
Note: 74 101 17218 17331
Note: 77 101 17338 17451
Note: 79 101 17458 17558
Note: 81 101 17571 17671
Note: 79 101 17684 17784
Note: 81 101 17797 17897
Note: 84 101 17910 18010
Note: 86 100 18023 18136
Note: 84 100 18143 18230
Note: 81 100 18249 18349
Note: 84 100 18362 18475
Note: 81 100 18482 18595
Note: 80 100 18602 18715
Note: 79 100 18722 18822
Note: 77 100 18835 18922
Note: 76 100 18941 19054
Note: 77 100 19061 19161
Note: 79 100 19174 19261
Note: 77 100 19280 19380
Note: 81 100 19393 19493
Note: 79 100 19506 19606
Note: 84 100 19619 19719
Note: 81 100 19732 19832
Note: 86 101 19958 20071
Note: 84 101 20078 20165
Note: 81 101 20184 20284
Note: 79 101 20297 20397
Note: 77 101 20410 20510
Note: 79 101 20523 20636
Note: 81 101 20643 20743
Note: 74 101 20756 20843
Note: 74 101 20862 20975
Note: 77 101 20982 21095
Note: 79 101 21102 21202
Note: 77 101 21215 21328
Note: 79 101 21335 21448
Note: 82 101 21455 21555
Note: 81 101 21568 21668
Note: 79 101 21681 21781
Note: 77 101 21794 21894
Note: 84 100 21907 22007
Note: 86 100 22020 22133
Note: 84 100 22140 22227
Note: 81 100 22246 22346
Note: 84 100 22359 22472
Note: 81 100 22479 22592
Note: 80 100 22599 22712
Note: 79 100 22719 22819
Note: 77 100 22832 22919
Note: 81 100 22938 23051
Note: 80 100 23058 23158
Note: 79 100 23171 23284
Note: 79 100 23291 23391
Note: 74 100 23404 23517
Note: 77 100 23404 23517
Note: 74 100 23524 23611
Note: 77 100 23524 23611
Note: 86 101 23701 23814
Note: 84 101 23821 23908
Note: 81 101 23927 24027
Note: 79 101 24040 24140
Note: 77 101 24153 24253
Note: 79 101 24266 24379
Note: 81 101 24386 24486
Note: 74 101 24499 24586
Note: 74 101 24605 24718
Note: 77 101 24725 24838
Note: 79 101 24845 24945
Note: 74 101 24958 25071
Note: 77 101 25078 25191
Note: 79 101 25198 25298
Note: 81 101 25311 25411
Note: 79 101 25424 25524
Note: 81 101 25537 25637
Note: 84 101 25650 25750
Note: 86 100 25763 25876
Note: 84 100 25883 25970
Note: 81 100 25989 26089
Note: 84 100 26102 26215
Note: 81 100 26222 26335
Note: 80 100 26342 26455
Note: 79 100 26462 26562
Note: 77 100 26575 26662
Note: 76 100 26681 26794
Note: 77 100 26801 26901
Note: 79 100 26914 27001
Note: 77 100 27020 27120
Note: 81 100 27133 27233
Note: 79 100 27246 27346
Note: 84 100 27359 27459
Note: 81 100 27472 27572
Note: 86 101 27698 27811
Note: 84 101 27818 27905
Note: 81 101 27924 28024
Note: 79 101 28037 28137
Note: 77 101 28150 28250
Note: 79 101 28263 28376
Note: 81 101 28383 28483
Note: 74 101 28496 28583
Note: 74 101 28602 28715
Note: 77 101 28722 28835
Note: 79 101 28842 28942
Note: 77 101 28955 29068
Note: 79 101 29075 29188
Note: 82 101 29195 29295
Note: 81 101 29308 29408
Note: 79 101 29421 29521
Note: 77 101 29534 29634
Note: 84 100 29647 29747
Note: 86 100 29760 29873
Note: 84 100 29880 29967
Note: 81 100 29986 30086
Note: 84 100 30099 30212
Note: 81 100 30219 30332
Note: 80 100 30339 30452
Note: 79 100 30459 30559
Note: 77 100 30572 30659
Note: 81 100 30678 30791
Note: 80 100 30798 30898
Note: 79 100 30911 31024
Note: 79 100 31031 31131
Note: 74 100 31144 31257
Note: 77 100 31144 31257
Note: 74 100 31264 31351
Note: 77 100 31264 31351
Track: track
Instrument: instrument
Note: 62 100 43 156
Note: 64 100 163 276
Note: 67 100 283 396
Note: 69 100 403 516
Note: 71 100 523 597
Note: 71 100 622 722
Note: 69 100 735 835
Note: 66 100 848 961
Note: 64 100 968 1068
Note: 62 100 1081 1194
Note: 64 100 1201 1314
Note: 62 100 1321 1434
Note: 64 100 1441 1541
Note: 66 100 1554 1641
Note: 64 100 1660 1773
Note: 66 100 1780 1880
Note: 69 100 1893 1941
Note: 59 100 1978 2078
Note: 62 100 2091 2165
Note: 64 100 2190 2290
Note: 62 100 2303 2403
Note: 64 100 2416 2490
Note: 62 100 2515 2589
Note: 65 100 2614 2651
Note: 66 100 2654 2817
Note: 69 100 2840 2914
Note: 66 100 2939 3026
Note: 66 100 3151 3264
Note: 69 100 3271 3358
Note: 71 100 3377 3451
Note: 71 100 3476 3576
Note: 73 100 3589 3689
Note: 71 100 3702 3802
Note: 69 100 3815 3915
Note: 66 100 3928 4028
Note: 64 100 4041 4141
Note: 63 100 4154 4210
Note: 64 100 4214 4257
Note: 71 100 4267 4367
Note: 69 100 4380 4480
Note: 62 100 4493 4541
Note: 59 100 4578 4691
Note: 62 100 4698 4785
Note: 64 100 4804 4878
Note: 66 100 4903 4977
Note: 69 100 5002 5115
Note: 66 100 5122 5235
Note: 69 100 5242 5342
Note: 66 100 5355 5455
Note: 65 100 5468 5581
Note: 64 100 5588 5675
Note: 62 100 5694 5742
Note: 62 100 5864 5977
Note: 64 100 5984 6097
Note: 67 100 6104 6217
Note: 69 100 6224 6337
Note: 71 100 6344 6418
Note: 71 100 6443 6543
Note: 69 100 6556 6656
Note: 66 100 6669 6782
Note: 64 100 6789 6889
Note: 62 100 6902 7015
Note: 64 100 7022 7135
Note: 62 100 7142 7255
Note: 64 100 7262 7362
Note: 66 100 7375 7462
Note: 64 100 7481 7594
Note: 66 100 7601 7701
Note: 69 100 7714 7762
Note: 59 100 7799 7899
Note: 62 100 7912 7986
Note: 64 100 8011 8111
Note: 62 100 8124 8224
Note: 64 100 8237 8311
Note: 62 100 8336 8410
Note: 65 100 8435 8472
Note: 66 100 8475 8511
Note: 69 100 8534 8608
Note: 66 100 8633 8720
Note: 66 100 8845 8958
Note: 69 100 8965 9052
Note: 71 100 9071 9145
Note: 71 100 9170 9270
Note: 73 100 9283 9383
Note: 71 100 9396 9496
Note: 69 100 9509 9609
Note: 66 100 9622 9722
Note: 64 100 9735 9835
Note: 63 100 9848 9904
Note: 64 100 9908 9951
Note: 71 100 9961 10061
Note: 69 100 10074 10174
Note: 62 100 10187 10235
Note: 59 100 10272 10385
Note: 62 100 10392 10479
Note: 64 100 10498 10572
Note: 66 100 10597 10671
Note: 69 100 10696 10809
Note: 66 100 10816 10929
Note: 69 100 10936 11036
Note: 66 100 11049 11149
Note: 65 100 11162 11275
Note: 64 100 11282 11369
Note: 62 100 11388 11436
Track: track
Instrument: instrument
Note: 55 101 107 220
Note: 59 101 227 340
Note: 50 101 347 460
Note: 55 101 467 580
Note: 57 101 587 687
Note: 61 101 700 813
Note: 57 101 820 933
Note: 54 101 940 1053
Note: 52 101 1060 1160
Note: 50 101 1173 1286
Note: 52 101 1293 1406
Note: 50 101 1413 1500
Note: 52 101 1519 1619
Note: 50 101 1632 1745
Note: 47 101 1752 1865
Note: 50 101 1872 1985
Note: 53 101 2052 2108
Note: 54 101 2112 2212
Note: 52 101 2225 2325
Note: 50 101 2338 2451
Note: 47 101 2458 2501
Note: 46 101 2511 2567
Note: 45 101 2571 2658
Note: 43 101 2677 2790
Note: 45 101 2797 2910
Note: 47 101 2917 3017
Note: 50 101 3030 3143
Note: 47 101 3150 3263
Note: 49 101 3270 3357
Note: 47 101 3376 3476
Note: 45 101 3489 3602
Note: 47 101 3609 3722
Note: 49 101 3729 3842
Note: 45 101 3849 3962
Note: 43 101 3969 4082
Note: 42 101 4089 4202
Note: 46 101 4209 4322
Note: 49 101 4329 4442
Note: 46 101 4449 4562
Note: 49 101 4569 4682
Note: 54 101 4689 4802
Note: 56 101 4809 4909
Note: 56 101 4922 5035
Note: 53 101 5042 5142
Note: 56 101 5155 5255
Note: 63 101 5268 5381
Note: 60 101 5388 5501
Note: 56 101 5508 5621
Note: 58 101 5628 5650
Note: 70 101 5628 5650
Track: track
Instrument: instrument
Note: 62 112 142 255
Note: 64 111 262 375
Note: 67 111 382 495
Note: 69 111 502 615
Note: 71 111 622 709
Note: 71 111 728 815
Note: 66 111 834 934
Note: 66 111 947 1060
Note: 64 111 1067 1167
Note: 62 111 1180 1293
Note: 64 111 1300 1413
Note: 62 111 1420 1472
Note: 66 114 1526 1626
Note: 65 114 1639 1752
Note: 64 114 1759 1859
Note: 62 114 1872 1959
Note: 66 114 1978 2052
Note: 59 114 2077 2177
Note: 62 114 2190 2264
Note: 64 116 2289 2389
Note: 62 118 2402 2502
Note: 64 120 2515 2589
Note: 65 121 2614 2688
Note: 64 120 2713 2826
Note: 66 120 2833 2946
Note: 66 120 2953 3053
Note: 64 120 3066 3179
Note: 66 120 3186 3299
Note: 69 120 3306 3406
Note: 66 120 3419 3506
Note: 66 120 3631 3744
Note: 69 119 3751 3838
Note: 71 119 3857 3931
Note: 71 119 3956 4056
Note: 73 119 4069 4169
Note: 71 119 4182 4282
Note: 69 119 4295 4395
Note: 66 119 4408 4521
Note: 65 119 4528 4641
Note: 64 119 4648 4748
Note: 63 119 4761 4817
Note: 64 119 4821 4864
Note: 71 119 4874 4974
Note: 69 119 4987 5087
Note: 62 119 5100 5148
Note: 59 119 5185 5298
Note: 62 119 5305 5392
Note: 64 119 5411 5485
Note: 66 120 5510 5584
Note: 69 120 5609 5722
Note: 66 120 5729 5842
Note: 65 120 5849 5962
Note: 66 120 5969 6069
Note: 65 120 6082 6195
Note: 64 120 6202 6302
Note: 66 120 6315 6428
Note: 65 120 6435 6535
Note: 64 120 6548 6661
Note: 64 120 6668 6768
Note: 62 119 6781 6894
Note: 62 118 6901 6962
Track: track
Instrument: instrument
Track: track
Instrument: instrument
Note: 31 100 135 183
Note: 43 100 135 183
Note: 30 100 220 343
Note: 42 100 220 343
Note: 25 100 404 452
Note: 37 100 404 452
Note: 26 100 489 612
Note: 38 100 489 612
Note: 28 100 673 721
Note: 40 100 673 721
Note: 33 100 758 881
Note: 45 100 758 881
Note: 26 100 942 990
Note: 38 100 942 990
Note: 23 100 1027 1150
Note: 35 100 1027 1150
Note: 31 100 1211 1259
Note: 43 100 1211 1259
Note: 30 100 1296 1419
Note: 42 100 1296 1419
Note: 25 100 1480 1528
Note: 37 100 1480 1528
Note: 26 100 1565 1688
Note: 38 100 1565 1688
Note: 28 100 1749 1797
Note: 40 100 1749 1797
Note: 33 100 1834 1957
Note: 45 100 1834 1957
Note: 26 100 2018 2066
Note: 38 100 2018 2066
Note: 23 100 2103 2226
Note: 35 100 2103 2226
Note: 31 100 2287 2335
Note: 43 100 2287 2335
Note: 30 100 2372 2495
Note: 42 100 2372 2495
Note: 25 100 2556 2604
Note: 37 100 2556 2604
Note: 26 100 2641 2764
Note: 38 100 2641 2764
Note: 28 100 2825 2873
Note: 40 100 2825 2873
Note: 33 100 2910 3033
Note: 45 100 2910 3033
Note: 26 100 3094 3142
Note: 38 100 3094 3142
Note: 23 100 3179 3302
Note: 35 100 3179 3302
Note: 31 100 3363 3411
Note: 43 100 3363 3411
Note: 30 100 3448 3571
Note: 42 100 3448 3571
Note: 25 100 3632 3680
Note: 37 100 3632 3680
Note: 26 100 3717 3840
Note: 38 100 3717 3840
Note: 28 100 3901 3949
Note: 40 100 3901 3949
Note: 33 100 3986 4109
Note: 45 100 3986 4109
Note: 26 100 4170 4218
Note: 38 100 4170 4218
Note: 23 100 4255 4378
Note: 35 100 4255 4378
Note: 34 100 4545 4593
Note: 46 100 4545 4593
Note: 33 100 4630 4753
Note: 45 100 4630 4753
Note: 28 100 4814 4862
Note: 40 100 4814 4862
Note: 29 100 4899 5022
Note: 41 100 4899 5022
Note: 31 100 5083 5131
Note: 43 100 5083 5131
Note: 36 100 5168 5291
Note: 48 100 5168 5291
Note: 29 100 5352 5400
Note: 41 100 5352 5400
Note: 26 100 5437 5560
Note: 38 100 5437 5560
Note: 34 100 5621 5669
Note: 46 100 5621 5669
Note: 33 100 5706 5829
Note: 45 100 5706 5829
Note: 28 100 5890 5938
Note: 40 100 5890 5938
Note: 29 100 5975 6098
Note: 41 100 5975 6098
Note: 31 100 6159 6207
Note: 43 100 6159 6207
Note: 36 100 6244 6367
Note: 48 100 6244 6367
Note: 29 100 6428 6476
Note: 41 100 6428 6476
Note: 26 100 6513 6636
Note: 38 100 6513 6636
Note: 34 100 6697 6745
Note: 46 100 6697 6745
Note: 33 100 6782 6905
Note: 45 100 6782 6905
Note: 28 100 6966 7014
Note: 40 100 6966 7014
Note: 29 100 7051 7174
Note: 41 100 7051 7174
Note: 31 100 7235 7283
Note: 43 100 7235 7283
Note: 36 100 7320 7443
Note: 48 100 7320 7443
Note: 29 100 7504 7552
Note: 41 100 7504 7552
Note: 26 100 7589 7712
Note: 38 100 7589 7712
Note: 34 100 7773 7821
Note: 46 100 7773 7821
Note: 33 100 7858 7981
Note: 45 100 7858 7981
Note: 28 100 8042 8090
Note: 40 100 8042 8090
Note: 29 100 8127 8250
Note: 41 100 8127 8250
Note: 31 100 8311 8359
Note: 43 100 8311 8359
Note: 36 100 8396 8519
Note: 48 100 8396 8519
Note: 29 100 8580 8628
Note: 41 100 8580 8628
Note: 26 100 8665 8788
Note: 38 100 8665 8788
Track: track
Instrument: instrument
Note: 65 112 248 367
Note: 67 111 368 487
Note: 70 111 488 607
Note: 72 111 608 727
Note: 74 111 728 833
Note: 74 111 834 939
Note: 69 111 940 1052
Note: 69 111 1053 1172
Note: 67 111 1173 1285
Note: 65 111 1286 1405
Note: 67 111 1406 1525
Note: 65 111 1526 1631
Note: 69 114 1632 1744
Note: 68 114 1745 1864
Note: 67 114 1865 1977
Note: 65 114 1978 2083
Note: 69 114 2084 2182
Note: 62 114 2183 2295
Note: 65 114 2296 2394
Note: 67 116 2395 2507
Note: 65 118 2508 2620
Note: 67 120 2621 2719
Note: 68 121 2720 2818
Note: 67 120 2819 2938
Note: 69 120 2939 3058
Note: 69 120 3059 3171
Note: 67 120 3172 3291
Note: 69 120 3292 3411
Note: 72 120 3412 3524
Note: 69 120 3525 3630
Note: 69 120 3737 3856
Note: 72 119 3857 3962
Note: 74 119 3963 4061
Note: 74 119 4062 4174
Note: 76 119 4175 4287
Note: 74 119 4288 4400
Note: 72 119 4401 4513
Note: 69 119 4514 4633
Note: 68 119 4634 4753
Note: 67 119 4754 4866
Note: 66 119 4867 4926
Note: 67 119 4927 4979
Note: 74 119 4980 5092
Note: 72 119 5093 5205
Note: 65 119 5206 5290
Note: 62 119 5291 5410
Note: 65 119 5411 5516
Note: 67 119 5517 5615
Note: 69 120 5616 5714
Note: 72 120 5715 5834
Note: 69 120 5835 5954
Note: 68 120 5955 6074
Note: 69 120 6075 6187
Note: 68 120 6188 6307
Note: 67 120 6308 6420
Note: 69 120 6421 6540
Note: 68 120 6541 6653
Note: 67 120 6654 6773
Note: 67 120 6774 6886
Note: 65 119 6887 7006
Note: 65 118 7007 7112
Track: track
Instrument: instrument
Track: track
Instrument: instrument
